10230 2 1 3 1531 289 638
9053 2 1 3 853 323 1222
9035 2 1 3 852 320 1223
11706 2 1 3 1141 274 717
9215 2 1 3 549 797 1247
10229 2 1 3 615 1531 638
9036 2 1 3 1223 320 589
9054 2 1 3 1222 323 588
11705 2 1 3 550 1141 717
8976 2 1 3 1539 636 556
11279 2 1 3 309 824 1089
8975 2 1 3 249 1539 556
10560 2 1 3 1410 222 1056
10572 2 1 3 1412 221 1058
10584 2 1 3 1411 220 1059
9216 2 1 3 1247 797 250
11280 2 1 3 824 1466 1089
11274 2 1 3 1165 393 929
9101 2 1 3 1253 469 224
9102 2 1 3 469 797 224
5188 2 1 3 219 521 843
5189 2 1 3 313 843 521
5849 2 1 3 348 587 972
5667 2 1 3 222 937 523
6985 2 1 3 256 1193 609
10824 2 1 3 1190 187 728
8065 2 1 3 609 1193 1401
8775 2 1 3 313 521 1541
4322 2 1 3 201 638 677
4323 2 1 3 340 677 638
11273 2 1 3 546 1165 929
10823 2 1 3 812 187 1190
7558 2 1 3 423 600 1302
4601 2 1 3 284 505 730
4606 2 1 3 287 506 731
4596 2 1 3 286 507 729
4591 2 1 3 285 504 728
7557 2 1 3 423 1302 1143
8705 2 1 3 317 1527 514
5070 2 1 3 336 552 820
5455 2 1 3 155 895 494
10607 2 1 3 311 1150 823
5100 2 1 3 338 553 826
5099 2 1 3 200 826 553
5110 2 1 3 337 555 828
5416 2 1 3 218 511 888
5417 2 1 3 312 888 511
4787 2 1 3 154 767 513
10559 2 1 3 596 1410 1056
10571 2 1 3 597 1412 1058
10583 2 1 3 598 1411 1059
5036 2 1 3 220 814 514
6752 2 1 3 257 1148 542
10608 2 1 3 823 1150 1397
6114 2 1 3 255 1024 772
5295 2 1 3 300 738 863
5300 2 1 3 301 739 864
5285 2 1 3 298 736 861
5290 2 1 3 299 737 862
5625 2 1 3 155 494 929
5113 2 1 3 202 829 639
4405 2 1 3 143 524 692
7550 2 1 3 319 1300 537
6897 2 1 3 260 603 1176
6891 2 1 3 257 601 1175
6885 2 1 3 258 602 1174
8774 2 1 3 313 1541 839
6968 2 1 3 507 907 1189
6978 2 1 3 505 904 1191
6973 2 1 3 504 906 1190
6898 2 1 3 603 1009 1176
6892 2 1 3 601 1010 1175
6886 2 1 3 602 1011 1174
4558 2 1 3 195 566 722
4548 2 1 3 196 565 720
4568 2 1 3 194 564 724
4569 2 1 3 295 724 564
4559 2 1 3 296 722 566
4549 2 1 3 297 720 565
5265 2 1 3 202 572 858
4956 2 1 3 284 798 505
4991 2 1 3 285 805 504
4986 2 1 3 287 804 506
4981 2 1 3 286 803 507
7009 2 1 3 449 1197 1071
5668 2 1 3 333 523 937
4117 2 1 3 202 639 572
5301 2 1 3 440 864 739
5286 2 1 3 442 861 736
5296 2 1 3 441 863 738
5291 2 1 3 439 862 737
7844 2 1 3 252 1358 975
5315 2 1 3 302 867 713
5321 2 1 3 445 715 868
5316 2 1 3 444 713 867
5310 2 1 3 305 866 712
5305 2 1 3 303 865 714
5311 2 1 3 446 712 866
5306 2 1 3 443 714 865
5320 2 1 3 304 868 715
4403 2 1 3 306 691 534
8886 2 1 3 272 1564 561
8880 2 1 3 270 1563 558
7644 2 1 3 218 1318 511
6448 2 1 3 433 1087 766
6903 2 1 3 436 955 1177
7845 2 1 3 557 975 1358
4109 2 1 3 201 615 638
7209 2 1 3 176 1235 516
6944 2 1 3 534 691 1184
6943 2 1 3 418 1184 691
5743 2 1 3 376 952 586
5742 2 1 3 152 586 952
5673 2 1 3 334 522 938
5672 2 1 3 221 938 522
4775 2 1 3 153 764 547
6198 2 1 3 509 755 1040
6197 2 1 3 200 1040 755
5145 2 1 3 309 834 509
5114 2 1 3 367 639 829
10943 2 1 3 914 1546 153
6154 2 1 3 264 706 1032
7677 2 1 3 706 1325 1032
5470 2 1 3 222 523 898
6853 2 1 3 587 1168 972
6813 2 1 3 460 862 1160
7927 2 1 3 291 1374 545
7917 2 1 3 290 1372 544
7922 2 1 3 293 1373 543
7933 2 1 3 257 542 1375
16170 2 1 3 1360 647 869
6200 2 1 3 309 509 1040
5072 2 1 3 154 513 821
6710 2 1 3 293 543 1140
6705 2 1 3 290 544 1139
6700 2 1 3 291 545 1138
5795 2 1 3 414 928 962
5034 2 1 3 317 514 814
8885 2 1 3 272 664 1564
8879 2 1 3 270 665 1563
10944 2 1 3 1546 538 153
6115 2 1 3 438 772 1024
4723 2 1 3 263 754 525
5934 2 1 3 366 989 897
6734 2 1 3 312 511 1145
7689 2 1 3 281 1328 586
5773 2 1 3 344 591 958
5768 2 1 3 345 593 957
5222 2 1 3 391 677 849
5221 2 1 3 340 849 677
4113 2 1 3 261 572 639
4721 2 1 3 143 754 524
6099 2 1 3 402 1020 577
7905 2 1 3 310 1090 1370
5798 2 1 3 254 963 755
6279 2 1 3 413 596 1056
6297 2 1 3 411 598 1059
6291 2 1 3 412 597 1058
6418 2 1 3 346 1081 670
6424 2 1 3 347 1082 669
4942 2 1 3 138 796 614
4943 2 1 3 373 614 796
8394 2 1 3 552 1467 820
5356 2 1 3 220 514 876
5193 2 1 3 319 844 585
5348 2 1 3 231 874 526
5344 2 1 3 232 873 525
4685 2 1 3 173 747 563
4686 2 1 3 294 563 747
6423 2 1 3 347 857 1082
6417 2 1 3 346 856 1081
6750 2 1 3 22 542 1148
6738 2 1 3 55 543 1146
6744 2 1 3 88 544 1147
6756 2 1 3 121 545 1149
5413 2 1 3 176 516 887
13747 2 1 3 573 1326 1062
5637 2 1 3 438 931 772
5636 2 1 3 163 772 931
4887 2 1 3 361 785 777
5712 2 1 3 142 532 946
13182 2 1 3 519 1017 341
5702 2 1 3 283 606 944
4763 2 1 3 187 762 728
4757 2 1 3 186 761 731
4751 2 1 3 185 760 729
4745 2 1 3 184 759 730
5826 2 1 3 333 968 523
5825 2 1 3 167 523 968
6194 2 1 3 139 1039 779
8399 2 1 3 555 1468 828
7690 2 1 3 491 586 1328
15086 2 1 3 1550 489 1134
7555 2 1 3 219 1301 521
7919 2 1 3 260 1146 1373
7924 2 1 3 258 1149 1374
7914 2 1 3 259 1147 1372
13181 2 1 3 1274 519 341
5901 2 1 3 235 539 983
7549 2 1 3 319 585 1300
6364 2 1 3 189 1072 686
6365 2 1 3 461 686 1072
6370 2 1 3 190 1073 688
6371 2 1 3 462 688 1073
6377 2 1 3 463 687 1074
6376 2 1 3 192 1074 687
4533 2 1 3 188 550 717
6994 2 1 3 167 1194 523
6829 2 1 3 290 522 1163
7842 2 1 3 144 1316 1357
6967 2 1 3 326 1189 907
6977 2 1 3 324 1191 904
6972 2 1 3 327 1190 906
16169 2 1 3 431 647 1360
15478 2 1 3 1549 488 1142
7223 2 1 3 254 755 1238
6812 2 1 3 210 1160 862
7284 2 1 3 165 1249 647
15846 2 1 3 1395 273 707
15845 2 1 3 607 1395 707
6096 2 1 3 231 526 1020
8363 2 1 3 757 1204 1460
5595 2 1 3 290 923 522
5342 2 1 3 263 525 873
5894 2 1 3 334 981 522
6739 2 1 3 260 640 1146
6757 2 1 3 258 643 1149
6745 2 1 3 259 641 1147
6751 2 1 3 257 642 1148
8704 2 1 3 317 840 1527
5527 2 1 3 255 909 583
15600 2 1 3 1547 1151 483
5593 2 1 3 221 522 923
4535 2 1 3 274 695 717
4536 2 1 3 358 717 695
5794 2 1 3 360 962 928
6357 2 1 3 232 525 1070
8162 2 1 3 354 555 1421
8167 2 1 3 355 553 1422
8157 2 1 3 356 554 1420
8152 2 1 3 357 552 1419
4755 2 1 3 320 760 589
4767 2 1 3 323 762 588
4766 2 1 3 187 588 762
4754 2 1 3 185 589 760
6590 2 1 3 327 1116 812
6520 2 1 3 397 581 1102
6525 2 1 3 396 580 1103
7180 2 1 3 392 568 1230
7843 2 1 3 144 1357 632
7916 2 1 3 290 604 1372
7921 2 1 3 293 603 1373
7932 2 1 3 257 1375 601
7926 2 1 3 291 602 1374
4803 2 1 3 248 770 599
5217 2 1 3 261 848 635
13748 2 1 3 1326 480 1062
7487 2 1 3 506 905 1288
7285 2 1 3 496 647 1249
4939 2 1 3 310 795 559
4938 2 1 3 197 559 795
6304 2 1 3 229 945 1060
5216 2 1 3 261 639 848
8040 2 1 3 307 1396 1180
5177 2 1 3 317 574 841
8393 2 1 3 199 820 1467
4466 2 1 3 279 626 703
4473 2 1 3 380 704 625
4467 2 1 3 378 703 626
4461 2 1 3 379 702 624
4472 2 1 3 278 625 704
4460 2 1 3 276 624 702
5861 2 1 3 282 974 718
8545 2 1 3 579 1105 1496
8539 2 1 3 582 1104 1495
6805 2 1 3 288 1159 1012
5847 2 1 3 428 972 878
5841 2 1 3 429 971 877
6627 2 1 3 585 844 1124
5387 2 1 3 429 810 882
5376 2 1 3 428 811 880
6741 2 1 3 86 1147 641
6735 2 1 3 53 1146 640
6753 2 1 3 119 1149 643
6747 2 1 3 20 1148 642
5755 2 1 3 142 954 532
5884 2 1 3 454 832 979
5883 2 1 3 235 979 832
5386 2 1 3 216 882 810
5375 2 1 3 217 880 811
7499 2 1 3 180 534 1290
4804 2 1 3 328 599 770
5545 2 1 3 236 913 540
5546 2 1 3 328 540 913
6493 2 1 3 137 1096 1021
8057 2 1 3 154 1399 539
6077 2 1 3 282 1016 974
5935 2 1 3 366 753 989
7523 2 1 3 612 916 1295
7533 2 1 3 611 917 1297
7528 2 1 3 613 915 1296
8433 2 1 3 329 1474 536
6951 2 1 3 728 762 1186
6946 2 1 3 731 761 1185
6956 2 1 3 729 760 1187
6961 2 1 3 730 759 1188
8525 2 1 3 328 1492 540
8398 2 1 3 198 828 1468
7010 2 1 3 449 837 1197
6009 2 1 3 415 1003 674
6008 2 1 3 160 674 1003
4488 2 1 3 181 607 707
5581 2 1 3 319 537 920
7906 2 1 3 310 1370 794
8761 2 1 3 235 1538 539
4927 2 1 3 173 563 792
17261 2 1 3 604 833 1372
6142 2 1 3 306 534 1029
6584 2 1 3 572 1115 858
6028 2 1 3 264 634 1006
7930 2 1 3 292 1375 1137
6467 2 1 3 394 1091 569
6466 2 1 3 244 569 1091
6471 2 1 3 245 571 1092
6477 2 1 3 392 1093 568
6472 2 1 3 395 1092 571
6476 2 1 3 246 568 1093
15283 2 1 3 318 830 1217
19150 2 1 3 1385 777 183
19149 2 1 3 618 777 1385
6140 2 1 3 180 1029 534
6902 2 1 3 197 1177 955
7633 2 1 3 577 1020 1316
4713 2 1 3 274 752 562
15284 2 1 3 830 1465 1217
5326 2 1 3 251 572 869
4542 2 1 3 149 711 719
4561 2 1 3 148 710 723
4573 2 1 3 354 725 708
4543 2 1 3 357 719 711
4572 2 1 3 146 708 725
4552 2 1 3 147 709 721
4553 2 1 3 355 721 709
4562 2 1 3 356 723 710
7370 2 1 3 68 802 1265
7375 2 1 3 101 799 1266
7365 2 1 3 134 800 1264
7377 2 1 3 73 1267 803
7360 2 1 3 35 801 1263
7382 2 1 3 40 1268 804
7392 2 1 3 106 1270 805
7387 2 1 3 7 1269 798
5205 2 1 3 197 554 846
5211 2 1 3 200 553 847
5426 2 1 3 215 890 590
5427 2 1 3 350 590 890
7046 2 1 3 228 1204 757
15085 2 1 3 866 1550 1134
15960 2 1 3 1427 658 851
15948 2 1 3 1424 661 852
15954 2 1 3 1423 660 853
15936 2 1 3 1426 855 654
15942 2 1 3 1425 854 655
4843 2 1 3 361 777 618
6797 2 1 3 268 565 1157
5204 2 1 3 197 846 559
5210 2 1 3 200 847 560
6482 2 1 3 460 1094 862
5080 2 1 3 191 648 822
6083 2 1 3 236 538 1017
4848 2 1 3 331 675 778
4849 2 1 3 352 778 675
6447 2 1 3 155 766 1087
8544 2 1 3 399 1496 1105
8538 2 1 3 398 1495 1104
6693 2 1 3 22 1137 542
6703 2 1 3 88 1139 544
6708 2 1 3 55 1140 543
6698 2 1 3 121 1138 545
4624 2 1 3 281 586 735
5401 2 1 3 154 539 885
5397 2 1 3 153 538 884
5398 2 1 3 334 884 538
7224 2 1 3 509 1238 755
6439 2 1 3 194 1085 564
5899 2 1 3 540 981 982
5736 2 1 3 253 763 951
6589 2 1 3 327 855 1116
6987 2 1 3 256 700 1193
6742 2 1 3 86 87 1147
6748 2 1 3 20 21 1148
6736 2 1 3 53 54 1146
6754 2 1 3 119 120 1149
6351 2 1 3 195 1069 566
7167 2 1 3 489 1227 663
7156 2 1 3 179 662 1225
7157 2 1 3 488 1225 662
7166 2 1 3 178 663 1227
7045 2 1 3 593 1204 957
7039 2 1 3 591 1203 958
17262 2 1 3 1372 833 259
5560 2 1 3 148 916 612
5565 2 1 3 149 917 611
5555 2 1 3 146 915 613
5799 2 1 3 401 755 963
15477 2 1 3 865 1549 1142
7243 2 1 3 225 1203 1241
7237 2 1 3 227 1202 1240
7231 2 1 3 226 1201 1239
7963 2 1 3 157 1381 1018
6073 2 1 3 360 567 1015
8563 2 1 3 676 1499 1474
6295 2 1 3 476 1059 876
4649 2 1 3 313 605 740
4648 2 1 3 203 740 605
15416 2 1 3 1542 875 353
5641 2 1 3 311 932 558
5665 2 1 3 329 536 936
8430 2 1 3 205 676 1474
17516 2 1 3 1475 1004 430
4665 2 1 3 265 743 564
4677 2 1 3 266 563 745
4671 2 1 3 267 744 566
4683 2 1 3 268 746 565
15959 2 1 3 440 658 1427
15947 2 1 3 441 661 1424
15953 2 1 3 442 660 1423
15935 2 1 3 445 1426 654
15941 2 1 3 443 1425 655
4711 2 1 3 199 562 752
5709 2 1 3 390 945 634
4795 2 1 3 270 558 768
4800 2 1 3 272 561 769
15599 2 1 3 861 1151 1547
4826 2 1 3 338 774 553
4820 2 1 3 337 773 555
4832 2 1 3 339 775 554
4838 2 1 3 336 776 552
4225 2 1 3 32 33 659
4231 2 1 3 98 99 660
4237 2 1 3 65 66 661
4206 2 1 3 9 10 656
4200 2 1 3 42 43 655
4212 2 1 3 75 76 657
4219 2 1 3 131 132 658
4194 2 1 3 108 109 654
16277 2 1 3 573 1287 1022
15415 2 1 3 674 875 1542
16464 2 1 3 1368 991 233
6273 2 1 3 231 1055 874
6268 2 1 3 232 1054 873
6306 2 1 3 255 1061 909
8099 2 1 3 433 575 1408
4416 2 1 3 365 595 694
6915 2 1 3 268 1157 1179
6055 2 1 3 143 1012 619
5898 2 1 3 334 982 981
6441 2 1 3 414 732 1086
8041 2 1 3 307 783 1396
8362 2 1 3 467 1460 1204
8408 2 1 3 584 891 1470
7083 2 1 3 342 1211 899
6877 2 1 3 460 1160 1172
7098 2 1 3 240 944 1214
4886 2 1 3 329 777 785
6685 2 1 3 606 1135 944
5896 2 1 3 236 982 538
5897 2 1 3 334 538 982
6438 2 1 3 194 575 1085
7084 2 1 3 342 821 1211
7289 2 1 3 252 975 1250
6494 2 1 3 137 701 1096
6593 2 1 3 413 1117 596
6597 2 1 3 244 598 1118
6602 2 1 3 245 597 1119
6592 2 1 3 246 596 1117
6598 2 1 3 411 1118 598
6603 2 1 3 412 1119 597
6673 2 1 3 486 1133 867
6668 2 1 3 487 1132 868
7279 2 1 3 433 766 1248
6080 2 1 3 452 1007 1016
5895 2 1 3 236 540 982
7309 2 1 3 253 1254 763
8407 2 1 3 315 1470 891
5846 2 1 3 184 878 972
5840 2 1 3 185 877 971
16278 2 1 3 1287 141 1022
6988 2 1 3 468 1193 700
7244 2 1 3 225 1241 644
7238 2 1 3 227 1240 645
7232 2 1 3 226 1239 646
6832 2 1 3 414 1086 1164
8168 2 1 3 553 774 1422
8158 2 1 3 554 775 1420
8153 2 1 3 552 776 1419
8163 2 1 3 555 773 1421
6869 2 1 3 525 754 1171
6889 2 1 3 698 1174 1072
6901 2 1 3 699 1176 1074
6895 2 1 3 697 1175 1073
6027 2 1 3 264 1006 706
5704 2 1 3 240 693 944
8745 2 1 3 579 1535 1105
8740 2 1 3 582 1534 1104
8735 2 1 3 581 1533 1102
8750 2 1 3 580 1536 1103
15798 2 1 3 1414 346 994
15834 2 1 3 1413 347 995
6868 2 1 3 143 1171 754
7187 2 1 3 742 1231 1121
6294 2 1 3 220 876 1059
16463 2 1 3 595 991 1368
7501 2 1 3 251 647 1291
7502 2 1 3 496 1291 647
7287 2 1 3 252 1250 595
6195 2 1 3 401 779 1039
7107 2 1 3 532 1216 946
7066 2 1 3 332 1207 838
15797 2 1 3 592 1414 994
15833 2 1 3 594 1413 995
4925 2 1 3 266 792 563
4715 2 1 3 157 753 733
4716 2 1 3 366 733 753
17515 2 1 3 637 1004 1475
8713 2 1 3 548 745 1529
5548 2 1 3 153 547 914
6770 2 1 3 482 863 1152
6775 2 1 3 484 864 1153
8850 2 1 3 416 1557 1378
6872 2 1 3 371 1171 619
5574 2 1 3 254 616 919
5575 2 1 3 359 919 616
5091 2 1 3 309 560 824
5096 2 1 3 310 559 825
4734 2 1 3 367 756 605
5758 2 1 3 339 554 955
5757 2 1 3 197 955 554
6274 2 1 3 461 874 1055
6269 2 1 3 463 873 1054
5958 2 1 3 345 993 593
5953 2 1 3 344 992 591
7144 2 1 3 351 1222 588
7149 2 1 3 349 1223 589
6709 2 1 3 293 1140 815
6699 2 1 3 291 1138 818
6704 2 1 3 290 1139 817
6694 2 1 3 292 1137 816
6911 2 1 3 513 767 1178
4623 2 1 3 152 735 586
7065 2 1 3 332 893 1207
7522 2 1 3 349 1295 916
7527 2 1 3 348 1296 915
7532 2 1 3 351 1297 917
7766 2 1 3 288 1323 1342
5086 2 1 3 311 823 562
5038 2 1 3 56 57 815
5050 2 1 3 89 90 817
5056 2 1 3 122 123 818
5044 2 1 3 23 24 816
7429 2 1 3 617 1276 1247
7181 2 1 3 568 792 1230
7767 2 1 3 288 1342 705
7008 2 1 3 404 1071 1197
7013 2 1 3 482 1198 863
7023 2 1 3 484 1200 864
8007 2 1 3 567 1390 1015
8851 2 1 3 416 718 1557
4478 2 1 3 288 705 615
5206 2 1 3 271 560 847
5200 2 1 3 269 559 846
6910 2 1 3 266 1178 767
23168 2 1 3 1491 888 312
5759 2 1 3 339 955 835
5760 2 1 3 436 835 955
5993 2 1 3 210 862 1000
5987 2 1 3 217 999 867
5981 2 1 3 216 998 866
7602 2 1 3 10 1311 656
7580 2 1 3 98 660 1306
7600 2 1 3 65 661 1310
7570 2 1 3 32 659 1304
7575 2 1 3 131 658 1305
7587 2 1 3 43 1308 655
7592 2 1 3 76 1309 657
7582 2 1 3 109 1307 654
7553 2 1 3 521 1301 886
5946 2 1 3 365 991 595
8254 2 1 3 305 1439 629
8259 2 1 3 303 1440 631
8244 2 1 3 302 1437 630
8249 2 1 3 304 1438 628
6641 2 1 3 355 1127 553
6646 2 1 3 356 1128 554
6612 2 1 3 263 742 1121
6508 2 1 3 178 1099 663
6503 2 1 3 179 1098 662
5362 2 1 3 185 729 877
5367 2 1 3 184 730 878
8100 2 1 3 575 1014 1408
7220 2 1 3 480 1237 1062
5985 2 1 3 326 657 998
5991 2 1 3 324 656 999
5997 2 1 3 321 1000 659
21298 2 1 3 1484 987 364
21346 2 1 3 1485 986 362
7386 2 1 3 506 1268 905
7381 2 1 3 507 1267 907
7396 2 1 3 504 1270 906
7391 2 1 3 505 1269 904
5270 2 1 3 360 858 567
7508 2 1 3 248 599 1292
7273 2 1 3 250 617 1247
6855 2 1 3 322 1168 587
5214 2 1 3 367 848 639
5409 2 1 3 311 558 887
5325 2 1 3 251 869 647
6837 2 1 3 247 570 1165
6838 2 1 3 393 1165 570
5118 2 1 3 367 829 756
8700 2 1 3 782 1064 1526
8202 2 1 3 161 1429 684
8340 2 1 3 675 1354 1456
4529 2 1 3 171 716 705
6000 2 1 3 308 561 1001
23167 2 1 3 667 888 1491
7925 2 1 3 545 1374 1149
7915 2 1 3 544 1372 1147
7920 2 1 3 543 1373 1146
6199 2 1 3 309 1040 560
5278 2 1 3 156 574 860
5279 2 1 3 317 860 574
4909 2 1 3 279 789 626
4897 2 1 3 276 787 624
4903 2 1 3 278 788 625
4915 2 1 3 277 790 627
7854 2 1 3 188 1359 550
6057 2 1 3 288 1012 692
5446 2 1 3 407 893 786
5445 2 1 3 332 786 893
6834 2 1 3 343 1031 1164
8024 2 1 3 57 1393 815
8014 2 1 3 90 1391 817
8029 2 1 3 123 1394 818
8019 2 1 3 24 1392 816
8201 2 1 3 161 827 1429
21166 2 1 3 1490 277 822
21165 2 1 3 648 1490 822
7371 2 1 3 503 1265 802
7376 2 1 3 502 1266 799
7366 2 1 3 508 1264 800
7383 2 1 3 506 804 1268
7378 2 1 3 507 803 1267
7361 2 1 3 501 1263 801
7393 2 1 3 504 805 1270
7388 2 1 3 505 798 1269
5994 2 1 3 439 1000 862
5988 2 1 3 444 867 999
5982 2 1 3 446 866 998
5645 2 1 3 199 932 562
5638 2 1 3 163 931 636
6079 2 1 3 370 1016 1007
7106 2 1 3 335 946 1216
8070 2 1 3 250 797 1402
5523 2 1 3 281 908 653
5592 2 1 3 357 922 552
5587 2 1 3 354 921 555
5352 2 1 3 160 875 674
6806 2 1 3 477 1012 1159
5746 2 1 3 241 953 666
5747 2 1 3 415 666 953
7976 2 1 3 273 727 1384
6749 2 1 3 21 22 1148
6737 2 1 3 54 55 1146
6743 2 1 3 87 88 1147
6755 2 1 3 120 121 1149
6305 2 1 3 229 1060 758
8560 2 1 3 273 1384 1499
7152 2 1 3 486 867 1224
7162 2 1 3 487 868 1226
4730 2 1 3 203 605 756
5738 2 1 3 376 586 951
5739 2 1 3 491 951 586
8647 2 1 3 159 1516 616
5824 2 1 3 454 968 832
4399 2 1 3 318 690 689
4398 2 1 3 316 689 690
5788 2 1 3 348 961 587
5787 2 1 3 213 587 961
7509 2 1 3 435 1292 599
4965 2 1 3 284 800 620
4955 2 1 3 284 620 798
4970 2 1 3 287 801 623
4990 2 1 3 285 622 805
4960 2 1 3 285 799 622
4975 2 1 3 286 802 621
4985 2 1 3 287 623 804
4980 2 1 3 286 621 803
7764 2 1 3 492 633 1342
7763 2 1 3 171 1342 633
8006 2 1 3 162 1015 1390
6871 2 1 3 371 1070 1171
7904 2 1 3 458 1370 1090
5828 2 1 3 249 556 969
6431 2 1 3 147 1084 637
6432 2 1 3 409 637 1084
7174 2 1 3 158 695 1228
7486 2 1 3 325 1288 905
4973 2 1 3 68 69 802
4982 2 1 3 39 40 804
4987 2 1 3 105 106 805
4958 2 1 3 101 102 799
4968 2 1 3 35 36 801
4977 2 1 3 72 73 803
4952 2 1 3 6 7 798
4963 2 1 3 134 135 800
8258 2 1 3 303 714 1440
8253 2 1 3 305 712 1439
8248 2 1 3 304 715 1438
8243 2 1 3 302 713 1437
5643 2 1 3 311 562 932
6795 2 1 3 196 1157 565
7449 2 1 3 194 1281 575
5614 2 1 3 265 766 927
5608 2 1 3 267 765 926
5602 2 1 3 268 764 925
6635 2 1 3 174 1125 744
6640 2 1 3 175 1126 746
6634 2 1 3 174 749 1125
6639 2 1 3 175 748 1126
5764 2 1 3 417 956 684
4864 2 1 3 261 635 781
7089 2 1 3 170 606 1212
5232 2 1 3 322 587 851
5247 2 1 3 325 854 590
5231 2 1 3 213 851 587
5246 2 1 3 215 590 854
6429 2 1 3 193 1083 726
7823 2 1 3 206 1354 675
6433 2 1 3 295 1084 721
6308 2 1 3 255 772 1061
8204 2 1 3 173 792 1430
6883 2 1 3 172 1173 743
21297 2 1 3 645 987 1484
21345 2 1 3 646 986 1485
6672 2 1 3 217 867 1133
6677 2 1 3 216 866 1134
6667 2 1 3 214 868 1132
4632 2 1 3 30 737 679
4637 2 1 3 63 738 680
4627 2 1 3 96 736 681
4642 2 1 3 129 739 678
5190 2 1 3 313 576 843
6188 2 1 3 425 1038 872
5837 2 1 3 351 588 970
5843 2 1 3 349 589 971
5834 2 1 3 187 812 970
5836 2 1 3 187 970 588
5835 2 1 3 427 970 812
5842 2 1 3 185 971 589
22863 2 1 3 653 908 1409
8564 2 1 3 166 1500 604
7896 2 1 3 252 595 1369
5324 2 1 3 261 869 572
8427 2 1 3 352 1473 1359
6882 2 1 3 172 780 1173
6018 2 1 3 409 1004 637
6428 2 1 3 193 745 1083
8471 2 1 3 532 913 1482
7964 2 1 3 471 1018 1381
7323 2 1 3 546 929 1256
6516 2 1 3 308 1101 561
6501 2 1 3 271 1098 560
6506 2 1 3 269 1099 559
5616 2 1 3 393 570 927
5610 2 1 3 394 569 926
5604 2 1 3 395 571 925
22864 2 1 3 1409 908 208
6196 2 1 3 200 560 1040
7288 2 1 3 595 1250 694
6843 2 1 3 168 696 1166
5421 2 1 3 147 637 889
5422 2 1 3 350 889 637
19413 2 1 3 332 838 1428
7470 2 1 3 694 1285 989
6716 2 1 3 215 865 1142
6358 2 1 3 229 758 1071
6359 2 1 3 449 1071 758
8064 2 1 3 490 1401 1193
19414 2 1 3 838 1532 1428
5117 2 1 3 343 756 829
7310 2 1 3 477 763 1254
7213 2 1 3 178 672 1236
7208 2 1 3 176 671 1235
5615 2 1 3 393 927 766
5609 2 1 3 394 926 765
5603 2 1 3 395 925 764
7401 2 1 3 872 1038 1271
5715 2 1 3 246 947 568
5720 2 1 3 247 948 570
5730 2 1 3 245 950 571
5725 2 1 3 244 949 569
6880 2 1 3 295 564 1173
6632 2 1 3 296 566 1125
6637 2 1 3 297 565 1126
6437 2 1 3 265 564 1085
4635 2 1 3 299 679 737
4640 2 1 3 300 680 738
4645 2 1 3 301 678 739
4630 2 1 3 298 681 736
6909 2 1 3 548 1178 745
6824 2 1 3 524 1121 1162
7206 2 1 3 308 1234 733
6878 2 1 3 460 1172 780
6425 2 1 3 294 1083 563
5737 2 1 3 376 951 763
6348 2 1 3 267 566 1069
7173 2 1 3 158 1228 823
8387 2 1 3 459 1089 1466
6764 2 1 3 211 1151 861
6769 2 1 3 212 1152 863
6774 2 1 3 213 1153 864
7172 2 1 3 274 562 1228
8205 2 1 3 568 1430 792
6842 2 1 3 168 1166 1010
8905 2 1 3 492 1568 633
6411 2 1 3 374 574 1080
6410 2 1 3 156 1080 574
7831 2 1 3 209 750 1355
4992 2 1 3 181 806 607
6324 2 1 3 205 1064 782
6366 2 1 3 189 698 1072
6378 2 1 3 192 699 1074
6372 2 1 3 190 697 1073
6807 2 1 3 201 1159 615
4333 2 1 3 29 30 679
4347 2 1 3 95 96 681
4326 2 1 3 128 129 678
4340 2 1 3 62 63 680
5654 2 1 3 168 601 934
8574 2 1 3 332 1428 1501
7068 2 1 3 161 1208 700
7069 2 1 3 468 700 1208
7830 2 1 3 209 1355 1044
7800 2 1 3 432 617 1349
7312 2 1 3 619 1012 1254
6507 2 1 3 178 825 1099
6502 2 1 3 179 824 1098
8718 2 1 3 313 1530 576
8440 2 1 3 454 1476 968
6723 2 1 3 423 1143 871
5937 2 1 3 365 694 989
8417 2 1 3 330 578 1471
8381 2 1 3 144 632 1465
8382 2 1 3 520 1465 632
7200 2 1 3 634 945 1233
4940 2 1 3 310 794 795
4941 2 1 3 377 795 794
8648 2 1 3 616 1516 896
7012 2 1 3 300 863 1198
7022 2 1 3 301 864 1200
6993 2 1 3 167 602 1194
4875 2 1 3 390 696 783
6828 2 1 3 290 1163 604
8715 2 1 3 871 1143 1529
6481 2 1 3 299 862 1094
6204 2 1 3 169 603 1041
7205 2 1 3 308 1088 1234
8045 2 1 3 457 1397 1150
5139 2 1 3 259 833 668
6321 2 1 3 239 909 1063
8712 2 1 3 193 1529 745
6874 2 1 3 295 1172 1084
5079 2 1 3 381 822 627
5078 2 1 3 277 627 822
7001 2 1 3 367 605 1196
4888 2 1 3 241 666 786
4889 2 1 3 407 786 666
5573 2 1 3 254 919 578
8906 2 1 3 633 1568 1008
20224 2 1 3 1300 1197 230
5522 2 1 3 281 735 908
7643 2 1 3 218 691 1318
6916 2 1 3 512 1179 1157
7931 2 1 3 542 1137 1375
8284 2 1 3 374 1445 574
20223 2 1 3 585 1197 1300
5984 2 1 3 326 998 810
5990 2 1 3 324 999 811
5996 2 1 3 321 809 1000
20433 2 1 3 599 954 1336
5127 2 1 3 188 717 831
5128 2 1 3 358 831 717
7576 2 1 3 440 1305 658
7581 2 1 3 442 1306 660
7601 2 1 3 441 1310 661
7603 2 1 3 444 656 1311
7583 2 1 3 445 654 1307
7571 2 1 3 439 1304 659
7588 2 1 3 443 655 1308
7593 2 1 3 446 657 1309
5965 2 1 3 13 995 630
5950 2 1 3 112 992 628
5960 2 1 3 46 994 631
5955 2 1 3 79 993 629
8470 2 1 3 236 1482 913
6015 2 1 3 430 1004 809
6014 2 1 3 210 809 1004
20434 2 1 3 1336 954 142
5627 2 1 3 393 766 929
5626 2 1 3 155 929 766
5169 2 1 3 313 839 605
6919 2 1 3 494 895 1180
6322 2 1 3 478 1063 909
4581 2 1 3 354 726 725
4571 2 1 3 355 724 721
4570 2 1 3 295 721 724
4580 2 1 3 294 725 726
4550 2 1 3 297 719 720
4551 2 1 3 357 720 719
4566 2 1 3 356 722 723
4565 2 1 3 296 723 722
7865 2 1 3 178 1236 1362
6816 2 1 3 191 822 1161
7552 2 1 3 316 886 1301
7007 2 1 3 404 1197 585
21521 2 1 3 963 1483 401
5797 2 1 3 254 578 963
7168 2 1 3 305 672 1227
7163 2 1 3 176 1226 671
7158 2 1 3 303 670 1225
7153 2 1 3 177 1224 669
6384 2 1 3 385 1075 611
6383 2 1 3 149 611 1075
6388 2 1 3 148 612 1076
6389 2 1 3 383 1076 612
7923 2 1 3 258 1374 602
7918 2 1 3 260 1373 603
21032 2 1 3 1287 1205 859
7019 2 1 3 298 1199 649
7024 2 1 3 173 652 1200
7014 2 1 3 174 650 1198
8428 2 1 3 352 808 1473
6483 2 1 3 172 651 1094
21031 2 1 3 141 1287 859
6583 2 1 3 251 1115 572
6255 2 1 3 369 607 1051
21522 2 1 3 1483 779 401
7519 2 1 3 500 693 1294
7518 2 1 3 240 1294 693
7017 2 1 3 175 1199 748
7018 2 1 3 483 748 1199
6904 2 1 3 436 1177 892
6966 2 1 3 729 1189 877
6976 2 1 3 730 1191 878
5940 2 1 3 170 844 990
5941 2 1 3 432 990 844
24099 2 1 3 618 1019 1252
24100 2 1 3 1252 1019 256
5271 2 1 3 141 859 808
5272 2 1 3 386 808 859
5942 2 1 3 314 606 990
8068 2 1 3 250 1402 918
8069 2 1 3 608 918 1402
7280 2 1 3 433 1248 575
7398 2 1 3 195 1271 1069
5634 2 1 3 343 924 930
6393 2 1 3 271 1077 662
6399 2 1 3 272 1078 664
7191 2 1 3 472 1054 1232
6131 2 1 3 207 1027 673
7143 2 1 3 351 959 1222
7148 2 1 3 349 960 1223
6004 2 1 3 353 1002 610
6003 2 1 3 191 610 1002
7736 2 1 3 435 599 1336
6900 2 1 3 389 1074 1176
6894 2 1 3 387 1073 1175
6888 2 1 3 388 1072 1174
7841 2 1 3 526 1357 1316
5660 2 1 3 325 590 935
8524 2 1 3 328 771 1492
7151 2 1 3 302 1224 867
7161 2 1 3 304 1226 868
7955 2 1 3 364 687 1380
7960 2 1 3 362 688 1381
6863 2 1 3 584 1170 891
8442 2 1 3 741 1476 1327
5063 2 1 3 371 685 819
5062 2 1 3 182 819 685
6626 2 1 3 170 1124 844
5571 2 1 3 250 918 617
5107 2 1 3 340 638 827
5796 2 1 3 414 962 732
6733 2 1 3 312 1145 614
5275 2 1 3 336 820 859
5276 2 1 3 386 859 820
6835 2 1 3 343 1164 924
8494 2 1 3 403 1486 1333
5183 2 1 3 366 842 734
8586 2 1 3 402 577 1503
8752 2 1 3 182 1537 682
8476 2 1 3 330 1483 578
5182 2 1 3 198 734 842
5880 2 1 3 318 689 978
8056 2 1 3 154 821 1399
5388 2 1 3 429 882 612
5377 2 1 3 428 880 613
5382 2 1 3 427 881 611
8807 2 1 3 188 1387 1548
4932 2 1 3 275 793 673
26870 2 1 3 1557 974 183
26869 2 1 3 718 974 1557
8039 2 1 3 493 1180 1396
8497 2 1 3 686 1487 985
4618 2 1 3 366 734 733
8760 2 1 3 235 832 1538
5923 2 1 3 278 987 645
5917 2 1 3 279 986 646
4621 2 1 3 308 733 734
26744 2 1 3 1523 189 985
26743 2 1 3 702 1523 985
5385 2 1 3 385 611 881
5380 2 1 3 382 613 880
5391 2 1 3 383 612 882
5907 2 1 3 342 899 984
6150 2 1 3 202 1031 829
8565 2 1 3 604 1500 833
5215 2 1 3 151 635 848
8857 2 1 3 219 1559 1286
6854 2 1 3 322 759 1168
8073 2 1 3 162 1036 1403
8231 2 1 3 159 616 1435
8699 2 1 3 510 1526 1064
24863 2 1 3 1495 244 582
24851 2 1 3 1496 245 579
8553 2 1 3 396 1497 580
8558 2 1 3 397 1498 581
8858 2 1 3 219 843 1559
5570 2 1 3 314 918 608
24852 2 1 3 579 245 1119
24864 2 1 3 582 244 1118
8403 2 1 3 350 1469 590
5751 2 1 3 328 954 599
6518 2 1 3 198 1101 734
8496 2 1 3 363 985 1487
6914 2 1 3 547 764 1179
5489 2 1 3 99 902 660
5500 2 1 3 9 656 904
5484 2 1 3 66 901 661
5479 2 1 3 33 900 659
5505 2 1 3 42 655 905
5515 2 1 3 75 657 907
5494 2 1 3 132 903 658
5510 2 1 3 108 654 906
5542 2 1 3 374 912 633
6146 2 1 3 422 1030 870
6963 2 1 3 508 800 1188
6953 2 1 3 502 799 1186
6958 2 1 3 503 802 1187
6962 2 1 3 284 1188 800
6952 2 1 3 285 1186 799
6948 2 1 3 501 801 1185
6957 2 1 3 286 1187 802
6947 2 1 3 287 1185 801
6277 2 1 3 474 1056 898
6276 2 1 3 222 898 1056
8143 2 1 3 662 1077 1417
8138 2 1 3 664 1078 1416
7809 2 1 3 163 636 1351
7810 2 1 3 451 1351 636
5458 2 1 3 359 616 896
8074 2 1 3 608 1403 1036
5889 2 1 3 183 777 980
6539 2 1 3 156 860 1106
6540 2 1 3 497 1106 860
8339 2 1 3 485 1456 1354
5135 2 1 3 368 668 833
5111 2 1 3 337 828 796
5112 2 1 3 373 796 828
7817 2 1 3 255 583 1353
6329 2 1 3 294 1065 725
6339 2 1 3 296 1067 723
6334 2 1 3 297 1066 719
6092 2 1 3 256 1019 700
6510 2 1 3 218 1100 691
6511 2 1 3 418 691 1100
7428 2 1 3 426 1247 1276
8282 2 1 3 574 1445 841
6823 2 1 3 406 1162 1121
4871 2 1 3 168 783 696
6460 2 1 3 310 825 1090
6517 2 1 3 198 769 1101
4523 2 1 3 110 111 715
4518 2 1 3 44 45 714
4508 2 1 3 77 78 712
4513 2 1 3 11 12 713
6918 2 1 3 307 1180 895
5179 2 1 3 406 840 841
5178 2 1 3 317 841 840
6303 2 1 3 390 1060 945
5831 2 1 3 402 969 831
6928 2 1 3 140 1170 1181
6134 2 1 3 275 673 1027
6309 2 1 3 405 1061 772
5366 2 1 3 428 878 811
5361 2 1 3 429 877 810
8793 2 1 3 206 1545 683
6662 2 1 3 207 1131 1027
5248 2 1 3 325 655 854
5243 2 1 3 323 853 660
5254 2 1 3 327 654 855
5238 2 1 3 320 852 661
5233 2 1 3 322 851 658
5642 2 1 3 558 932 768
8432 2 1 3 329 785 1474
5330 2 1 3 336 870 776
5335 2 1 3 337 871 773
7451 2 1 3 403 1014 1281
6929 2 1 3 140 1181 835
5340 2 1 3 339 872 775
7498 2 1 3 180 1290 690
7554 2 1 3 219 689 1301
5933 2 1 3 209 897 989
8753 2 1 3 682 1537 1328
5635 2 1 3 408 930 924
6630 2 1 3 404 585 1124
8445 2 1 3 302 630 1477
8461 2 1 3 304 628 1480
7317 2 1 3 224 797 1255
7452 2 1 3 575 1281 1014
8055 2 1 3 539 1399 983
6998 2 1 3 318 1195 690
6345 2 1 3 381 641 1068
6344 2 1 3 259 1068 641
8573 2 1 3 332 1501 786
4809 2 1 3 328 770 771
4810 2 1 3 368 771 770
7711 2 1 3 165 647 1332
6545 2 1 3 498 1107 884
6550 2 1 3 499 1108 885
6544 2 1 3 153 884 1107
6549 2 1 3 154 885 1108
7475 2 1 3 450 978 1286
5939 2 1 3 170 990 606
6289 2 1 3 473 1058 923
6288 2 1 3 221 923 1058
6936 2 1 3 269 710 1183
6931 2 1 3 270 711 1182
8808 2 1 3 188 1548 778
6455 2 1 3 309 1089 834
8495 2 1 3 403 791 1486
6876 2 1 3 409 1172 1160
8228 2 1 3 436 1210 1434
5728 2 1 3 398 650 949
5723 2 1 3 397 651 948
5733 2 1 3 399 649 950
5718 2 1 3 396 652 947
6049 2 1 3 167 1011 602
6044 2 1 3 168 1010 601
6039 2 1 3 169 1009 603
6064 2 1 3 321 761 1013
8418 2 1 3 171 633 1472
8814 2 1 3 305 1227 1550
8810 2 1 3 303 1225 1549
4633 2 1 3 30 31 737
4628 2 1 3 96 97 736
4643 2 1 3 129 130 739
4638 2 1 3 63 64 738
5650 2 1 3 402 831 933
5649 2 1 3 358 933 831
7071 2 1 3 684 956 1208
8847 2 1 3 183 980 1557
7801 2 1 3 617 918 1349
6307 2 1 3 478 909 1061
5657 2 1 3 186 731 935
8441 2 1 3 454 1327 1476
7333 2 1 3 281 653 1258
7828 2 1 3 312 614 1355
5762 2 1 3 237 956 883
5763 2 1 3 417 883 956
7099 2 1 3 447 1214 944
6262 2 1 3 471 1053 991
5068 2 1 3 386 820 752
5067 2 1 3 199 752 820
7506 2 1 3 528 1043 1292
6470 2 1 3 245 1092 597
6465 2 1 3 244 1091 598
6475 2 1 3 246 1093 596
8532 2 1 3 481 1494 980
7114 2 1 3 318 1217 1195
7627 2 1 3 431 1315 667
8098 2 1 3 379 624 1407
8093 2 1 3 378 626 1406
8083 2 1 3 380 625 1404
8088 2 1 3 381 627 1405
7335 2 1 3 407 673 1259
6800 2 1 3 141 1158 1022
7566 2 1 3 870 1030 1303
5508 2 1 3 325 905 655
5518 2 1 3 326 907 657
5493 2 1 3 323 660 902
5488 2 1 3 320 661 901
5503 2 1 3 324 904 656
5483 2 1 3 321 659 900
5513 2 1 3 327 906 654
5498 2 1 3 322 658 903
5911 2 1 3 189 686 985
5931 2 1 3 341 988 813
7836 2 1 3 899 1356 984
6193 2 1 3 139 791 1039
6201 2 1 3 293 1041 603
7316 2 1 3 224 1255 1045
7684 2 1 3 262 741 1327
7132 2 1 3 330 1220 779
6559 2 1 3 273 676 1109
8818 2 1 3 170 1212 1551
5882 2 1 3 520 632 979
5588 2 1 3 270 768 922
5583 2 1 3 272 769 921
7095 2 1 3 423 1213 600
7278 2 1 3 265 1248 766
7868 2 1 3 825 1362 1090
6149 2 1 3 202 928 1031
8828 2 1 3 201 1553 1159
7741 2 1 3 432 1337 617
7956 2 1 3 472 1380 687
7961 2 1 3 471 1381 688
8773 2 1 3 521 886 1541
6063 2 1 3 321 1013 809
8893 2 1 3 173 1200 1566
8888 2 1 3 174 1198 1565
6175 2 1 3 314 608 1036
8575 2 1 3 541 1501 1428
5879 2 1 3 318 978 830
7929 2 1 3 601 1375 934
7928 2 1 3 292 934 1375
6220 2 1 3 373 1044 614
7469 2 1 3 209 989 1285
8588 2 1 3 176 1504 1226
8593 2 1 3 177 1505 1224
7087 2 1 3 283 1212 606
6990 2 1 3 291 1194 602
6452 2 1 3 308 1001 1088
6991 2 1 3 291 898 1194
5098 2 1 3 401 826 755
5097 2 1 3 200 755 826
6658 2 1 3 138 1130 796
6261 2 1 3 233 991 1053
6656 2 1 3 337 1130 871
8035 2 1 3 369 1395 607
6138 2 1 3 206 675 1028
6825 2 1 3 166 604 1163
6127 2 1 3 194 774 1026
8416 2 1 3 330 1471 682
26929 2 1 3 686 1055 1487
8463 2 1 3 344 1480 628
8452 2 1 3 303 631 1478
8458 2 1 3 305 629 1479
8447 2 1 3 347 1477 630
8794 2 1 3 683 1545 1144
7299 2 1 3 256 609 1252
6992 2 1 3 523 1194 898
6302 2 1 3 390 783 1060
6981 2 1 3 146 1192 708
5789 2 1 3 348 915 961
5790 2 1 3 421 961 915
5784 2 1 3 349 916 960
5779 2 1 3 351 917 959
5785 2 1 3 419 960 916
5780 2 1 3 420 959 917
6681 2 1 3 314 1135 606
5532 2 1 3 283 693 910
6213 2 1 3 248 1043 610
6214 2 1 3 353 610 1043
7230 2 1 3 465 1239 1201
7242 2 1 3 466 1241 1203
7236 2 1 3 464 1240 1202
6619 2 1 3 426 735 1122
6618 2 1 3 152 1122 735
6615 2 1 3 524 754 1121
5954 2 1 3 344 628 992
5969 2 1 3 347 630 995
7540 2 1 3 362 1298 688
7545 2 1 3 364 1299 687
26930 2 1 3 1487 1055 470
7271 2 1 3 248 610 1246
8722 2 1 3 705 716 1531
24984 2 1 3 1542 528 1025
8229 2 1 3 436 1434 835
5180 2 1 3 198 842 828
5181 2 1 3 373 828 842
8252 2 1 3 79 629 1439
8242 2 1 3 13 630 1437
8257 2 1 3 46 631 1440
8247 2 1 3 112 628 1438
7419 2 1 3 276 702 1275
24983 2 1 3 674 1542 1025
5586 2 1 3 354 708 921
5585 2 1 3 272 921 708
5591 2 1 3 357 711 922
5590 2 1 3 270 922 711
6182 2 1 3 400 1037 701
8800 2 1 3 298 1547 1199
6229 2 1 3 119 643 1046
6244 2 1 3 20 642 1049
6239 2 1 3 53 640 1048
6234 2 1 3 86 641 1047
7332 2 1 3 281 1258 682
7938 2 1 3 834 1089 1376
7530 2 1 3 428 613 1296
7525 2 1 3 429 612 1295
7535 2 1 3 427 611 1297
6038 2 1 3 374 633 1008
6026 2 1 3 145 1006 634
6133 2 1 3 275 1027 751
6490 2 1 3 282 718 1096
6491 2 1 3 416 1096 718
7219 2 1 3 242 1062 1237
6498 2 1 3 191 1097 610
6093 2 1 3 370 700 1019
7875 2 1 3 417 716 1364
6061 2 1 3 186 973 1013
8410 2 1 3 529 1470 894
6814 2 1 3 191 1161 668
5227 2 1 3 359 850 819
5228 2 1 3 371 819 850
6558 2 1 3 273 1109 707
8420 2 1 3 529 894 1472
8261 2 1 3 591 992 1441
8271 2 1 3 592 994 1443
8266 2 1 3 593 993 1442
8276 2 1 3 594 995 1444
7322 2 1 3 494 1256 929
7984 2 1 3 370 1385 974
7222 2 1 3 254 1238 616
5670 2 1 3 499 885 937
5669 2 1 3 333 937 885
5674 2 1 3 334 938 884
5675 2 1 3 498 884 938
5870 2 1 3 158 976 695
7983 2 1 3 370 1019 1385
8786 2 1 3 172 1094 1544
7536 2 1 3 190 1298 703
7541 2 1 3 192 1299 704
7962 2 1 3 157 997 1381
7190 2 1 3 232 1232 1054
6081 2 1 3 452 1016 784
8576 2 1 3 306 1502 977
6980 2 1 3 146 613 1192
6984 2 1 3 382 1192 613
5633 2 1 3 343 930 756
7646 2 1 3 636 931 1319
8426 2 1 3 550 1359 1473
8765 2 1 3 451 636 1539
6730 2 1 3 138 614 1145
7300 2 1 3 361 618 1252
6804 2 1 3 288 615 1159
6002 2 1 3 191 1002 648
5989 2 1 3 444 999 656
5983 2 1 3 446 998 657
5995 2 1 3 439 659 1000
5966 2 1 3 13 14 995
5951 2 1 3 112 113 992
5961 2 1 3 46 47 994
5956 2 1 3 79 80 993
8126 2 1 3 226 857 1413
8131 2 1 3 227 856 1414
7002 2 1 3 605 839 1196
8717 2 1 3 313 740 1530
26530 2 1 3 1279 299 1094
26529 2 1 3 651 1279 1094
7676 2 1 3 462 1032 1325
7971 2 1 3 330 1383 1220
8462 2 1 3 344 671 1480
8457 2 1 3 305 1479 672
8446 2 1 3 347 669 1477
8451 2 1 3 303 1478 670
7893 2 1 3 233 706 1368
7894 2 1 3 495 1368 706
6122 2 1 3 415 674 1025
7457 2 1 3 371 619 1282
6925 2 1 3 339 1181 872
7505 2 1 3 248 1292 1043
7681 2 1 3 480 1326 806
5447 2 1 3 171 894 716
8849 2 1 3 551 1378 1557
8577 2 1 3 600 977 1502
6031 2 1 3 161 700 1007
6032 2 1 3 370 1007 700
8203 2 1 3 173 1430 652
8213 2 1 3 174 1432 650
8208 2 1 3 172 1431 651
7648 2 1 3 556 636 1319
6453 2 1 3 456 1088 1001
6937 2 1 3 710 1076 1183
6932 2 1 3 711 1075 1182
6576 2 1 3 181 707 1114
6162 2 1 3 389 742 1033
6161 2 1 3 263 1033 742
6166 2 1 3 262 1034 741
6167 2 1 3 388 741 1034
7108 2 1 3 335 1216 1114
8125 2 1 3 226 1413 1201
8130 2 1 3 227 1414 1202
6867 2 1 3 143 619 1171
8115 2 1 3 220 1411 814
5429 2 1 3 384 889 890
5428 2 1 3 350 890 889
8142 2 1 3 384 1417 1077
8137 2 1 3 382 1416 1078
5199 2 1 3 432 844 845
5198 2 1 3 319 845 844
8197 2 1 3 289 1429 638
25407 2 1 3 640 1344 1048
25408 2 1 3 1344 380 1048
25437 2 1 3 643 1346 1046
25438 2 1 3 1346 379 1046
7093 2 1 3 138 1213 1130
7352 2 1 3 294 1262 1065
7340 2 1 3 296 1260 1067
7346 2 1 3 297 1261 1066
6062 2 1 3 430 1013 973
7786 2 1 3 547 1347 988
6237 2 1 3 381 1047 641
6247 2 1 3 378 1049 642
8052 2 1 3 151 1398 635
7512 2 1 3 390 634 1293
7991 2 1 3 831 969 1387
7778 2 1 3 257 1345 642
6492 2 1 3 416 1021 1096
6023 2 1 3 524 1005 692
8437 2 1 3 350 637 1475
7414 2 1 3 341 813 1274
7229 2 1 3 465 789 1239
7228 2 1 3 279 1239 789
7241 2 1 3 466 787 1241
7240 2 1 3 276 1241 787
7234 2 1 3 278 1240 788
7235 2 1 3 464 788 1240
8562 2 1 3 536 1474 1499
5466 2 1 3 373 842 897
5909 2 1 3 455 983 984
5908 2 1 3 342 984 983
7186 2 1 3 406 1121 1231
6579 2 1 3 335 1114 707
6908 2 1 3 266 745 1178
8025 2 1 3 476 815 1393
8015 2 1 3 473 817 1391
8030 2 1 3 474 818 1394
8020 2 1 3 475 816 1392
6442 2 1 3 137 1086 701
6443 2 1 3 400 701 1086
7000 2 1 3 367 1196 848
5701 2 1 3 283 944 693
5327 2 1 3 196 776 870
5332 2 1 3 193 773 871
5337 2 1 3 195 775 872
6125 2 1 3 338 791 1026
6126 2 1 3 403 1026 791
7336 2 1 3 673 793 1259
6209 2 1 3 424 1042 750
7196 2 1 3 145 634 1233
8286 2 1 3 237 883 1446
5601 2 1 3 268 925 746
5607 2 1 3 267 926 744
5613 2 1 3 265 927 743
8736 2 1 3 60 1534 967
8731 2 1 3 27 1533 965
8741 2 1 3 93 1535 966
8746 2 1 3 126 1536 964
5281 2 1 3 497 860 814
5280 2 1 3 317 814 860
5644 2 1 3 199 768 932
8234 2 1 3 509 834 1435
8151 2 1 3 489 663 1418
8146 2 1 3 488 662 1417
6256 2 1 3 607 806 1051
7514 2 1 3 264 1293 634
7051 2 1 3 336 1205 870
6041 2 1 3 389 1009 742
6051 2 1 3 388 1011 741
6040 2 1 3 169 742 1009
6050 2 1 3 167 741 1011
5519 2 1 3 426 908 735
5457 2 1 3 307 895 758
7714 2 1 3 431 1332 647
7135 2 1 3 490 1221 838
7134 2 1 3 237 838 1221
6206 2 1 3 165 667 1042
8071 2 1 3 469 1402 797
6522 2 1 3 29 679 1102
6537 2 1 3 95 681 1105
6538 2 1 3 399 1105 681
6527 2 1 3 128 678 1103
6533 2 1 3 398 1104 680
6523 2 1 3 397 1102 679
6532 2 1 3 62 680 1104
6528 2 1 3 396 1103 678
5536 2 1 3 204 807 911
5537 2 1 3 372 911 807
5480 2 1 3 33 34 900
5495 2 1 3 132 133 903
5499 2 1 3 8 9 904
5485 2 1 3 66 67 901
5509 2 1 3 107 108 906
5490 2 1 3 99 100 902
5514 2 1 3 74 75 907
5504 2 1 3 41 42 905
7103 2 1 3 207 673 1215
7104 2 1 3 407 1215 673
8780 2 1 3 434 1543 676
5878 2 1 3 219 978 689
6500 2 1 3 271 662 1098
6505 2 1 3 269 663 1099
7632 2 1 3 526 1316 1020
7613 2 1 3 226 646 1313
7607 2 1 3 227 645 1312
8448 2 1 3 346 670 1478
8450 2 1 3 631 994 1478
8449 2 1 3 346 1478 994
8455 2 1 3 345 1479 993
8456 2 1 3 629 993 1479
7876 2 1 3 716 894 1364
5623 2 1 3 360 928 858
7474 2 1 3 219 1286 978
8726 2 1 3 237 1446 1532
7712 2 1 3 165 1332 667
7713 2 1 3 431 667 1332
7585 2 1 3 110 715 1307
7595 2 1 3 77 712 1309
7590 2 1 3 44 714 1308
7605 2 1 3 11 713 1311
7780 2 1 3 378 642 1345
7776 2 1 3 260 1344 640
7784 2 1 3 258 1346 643
6651 2 1 3 225 644 1129
6301 2 1 3 307 1060 783
6135 2 1 3 331 1028 675
8533 2 1 3 551 980 1494
5867 2 1 3 358 695 976
6845 2 1 3 264 1166 696
6025 2 1 3 495 706 1006
7812 2 1 3 375 648 1352
7233 2 1 3 278 645 1240
7227 2 1 3 279 646 1239
6647 2 1 3 554 1128 846
6642 2 1 3 553 1127 847
7556 2 1 3 243 1143 1302
7586 2 1 3 445 1307 715
7591 2 1 3 443 1308 714
7596 2 1 3 446 1309 712
7606 2 1 3 444 1311 713
5364 2 1 3 326 810 877
5369 2 1 3 324 811 878
7211 2 1 3 344 1235 671
8515 2 1 3 375 1490 648
6862 2 1 3 140 891 1170
7968 2 1 3 449 758 1382
5630 2 1 3 203 756 930
7680 2 1 3 280 806 1326
8422 2 1 3 633 912 1472
7436 2 1 3 298 649 1278
5808 2 1 3 26 27 965
5803 2 1 3 125 126 964
5818 2 1 3 59 60 967
5813 2 1 3 92 93 966
6343 2 1 3 259 668 1068
6497 2 1 3 191 668 1097
7030 2 1 3 465 1201 1111
7031 2 1 3 594 1111 1201
7049 2 1 3 593 1113 1204
7048 2 1 3 467 1204 1113
7036 2 1 3 464 1202 1112
7037 2 1 3 592 1112 1202
7042 2 1 3 466 1203 1110
7043 2 1 3 591 1110 1203
5922 2 1 3 278 704 987
5916 2 1 3 279 703 986
8233 2 1 3 509 1435 1238
7785 2 1 3 242 988 1347
7438 2 1 3 399 1278 649
7434 2 1 3 398 1277 650
7442 2 1 3 397 1279 651
7447 2 1 3 396 1280 652
8559 2 1 3 273 1499 676
6660 2 1 3 207 1025 1131
6661 2 1 3 528 1131 1025
6657 2 1 3 423 871 1130
7628 2 1 3 667 1315 888
6054 2 1 3 143 692 1012
7420 2 1 3 702 985 1275
8105 2 1 3 208 845 1409
6913 2 1 3 268 1179 764
5791 2 1 3 224 732 962
6267 2 1 3 472 687 1054
6263 2 1 3 471 688 1053
8737 2 1 3 582 967 1534
8742 2 1 3 579 966 1535
8732 2 1 3 581 965 1533
8747 2 1 3 580 964 1536
8721 2 1 3 289 1531 716
6203 2 1 3 514 1041 876
6202 2 1 3 293 876 1041
6495 2 1 3 368 1097 668
6982 2 1 3 708 1192 1078
6419 2 1 3 177 669 1082
6413 2 1 3 179 670 1081
6181 2 1 3 400 807 1037
6180 2 1 3 204 1037 807
6257 2 1 3 267 1052 765
8453 2 1 3 345 1236 1479
8770 2 1 3 936 1388 1540
6847 2 1 3 340 827 1167
6930 2 1 3 270 1182 665
6935 2 1 3 269 1183 663
8465 2 1 3 500 1481 1329
8050 2 1 3 635 1398 1100
5679 2 1 3 372 939 911
5680 2 1 3 391 911 939
8003 2 1 3 415 1389 666
8320 2 1 3 626 789 1452
8325 2 1 3 624 787 1453
8330 2 1 3 625 788 1454
8335 2 1 3 627 790 1455
8336 2 1 3 352 675 1456
7105 2 1 3 407 666 1215
6833 2 1 3 414 1164 1031
6060 2 1 3 186 1013 761
6820 2 1 3 524 1162 1005
6819 2 1 3 234 1005 1162
6623 2 1 3 405 740 1123
6622 2 1 3 203 1123 740
7560 2 1 3 530 899 1302
7559 2 1 3 243 1302 899
7218 2 1 3 813 988 1237
8454 2 1 3 672 1479 1236
6731 2 1 3 138 1145 977
6732 2 1 3 511 977 1145
7727 2 1 3 361 1252 1335
6011 2 1 3 377 794 1003
6010 2 1 3 160 1003 794
7655 2 1 3 140 1321 891
7656 2 1 3 533 891 1321
8421 2 1 3 529 1472 912
5534 2 1 3 204 911 849
5535 2 1 3 391 849 911
8848 2 1 3 551 1557 980
6663 2 1 3 435 1027 1131
8049 2 1 3 418 1100 1398
6253 2 1 3 280 683 1051
6254 2 1 3 369 1051 683
8106 2 1 3 845 1322 1409
7537 2 1 3 703 1298 986
7542 2 1 3 704 1299 987
5469 2 1 3 366 897 842
6588 2 1 3 427 812 1116
6078 2 1 3 370 974 1016
6137 2 1 3 438 1028 931
6136 2 1 3 331 931 1028
7404 2 1 3 283 910 1272
8768 2 1 3 481 980 1540
6332 2 1 3 146 725 1065
6342 2 1 3 148 723 1067
6337 2 1 3 149 719 1066
6265 2 1 3 462 1053 688
6275 2 1 3 461 1055 686
6270 2 1 3 463 1054 687
6112 2 1 3 369 1023 727
6111 2 1 3 150 727 1023
7155 2 1 3 179 1225 670
7165 2 1 3 178 1227 672
5929 2 1 3 547 988 914
6645 2 1 3 271 1127 709
6650 2 1 3 269 1128 710
6192 2 1 3 401 1039 826
6191 2 1 3 338 826 1039
8751 2 1 3 182 685 1537
6802 2 1 3 352 1158 808
8415 2 1 3 578 1386 1471
6090 2 1 3 365 753 1018
5938 2 1 3 365 989 753
7939 2 1 3 205 1377 676
7942 2 1 3 434 676 1377
7578 2 1 3 442 736 1306
7598 2 1 3 441 738 1310
7567 2 1 3 31 1304 737
7597 2 1 3 64 1310 738
7572 2 1 3 130 1305 739
7577 2 1 3 97 1306 736
7573 2 1 3 440 739 1305
7568 2 1 3 439 737 1304
6513 2 1 3 635 1100 781
8492 2 1 3 537 1486 920
8806 2 1 3 556 1548 1387
5652 2 1 3 292 836 934
5653 2 1 3 493 934 836
6827 2 1 3 522 981 1163
6826 2 1 3 166 1163 981
28743 2 1 3 701 1507 1096
28744 2 1 3 1507 282 1096
5992 2 1 3 210 1000 809
5986 2 1 3 217 811 999
5980 2 1 3 216 810 998
6794 2 1 3 201 677 1156
7125 2 1 3 162 1219 1036
5886 2 1 3 329 980 777
8466 2 1 3 500 1095 1481
8409 2 1 3 315 894 1470
8161 2 1 3 195 722 1420
8166 2 1 3 193 726 1421
8156 2 1 3 196 720 1419
8171 2 1 3 194 724 1422
6421 2 1 3 456 1001 1082
6420 2 1 3 177 1082 1001
8116 2 1 3 497 814 1411
7303 2 1 3 224 962 1253
7728 2 1 3 609 1335 1252
8419 2 1 3 171 1472 894
7853 2 1 3 188 778 1359
5619 2 1 3 202 858 928
8826 2 1 3 476 876 1552
7969 2 1 3 758 895 1382
6960 2 1 3 284 730 1188
6950 2 1 3 285 728 1186
6955 2 1 3 286 729 1187
6945 2 1 3 287 731 1185
7456 2 1 3 371 1282 685
6801 2 1 3 485 1022 1158
7325 2 1 3 158 1257 976
6326 2 1 3 361 1064 785
8413 2 1 3 182 682 1471
7171 2 1 3 274 1228 695
7448 2 1 3 194 1026 1281
6013 2 1 3 415 953 1003
6012 2 1 3 377 1003 953
7252 2 1 3 226 1243 857
7253 2 1 3 456 857 1243
7264 2 1 3 459 856 1245
7263 2 1 3 227 1245 856
7431 2 1 3 300 1198 1277
7432 2 1 3 650 1277 1198
7445 2 1 3 652 1280 1200
7444 2 1 3 301 1200 1280
6786 2 1 3 231 1155 1055
6219 2 1 3 373 897 1044
6789 2 1 3 358 1155 933
6088 2 1 3 157 1018 753
7327 2 1 3 363 1257 879
7109 2 1 3 519 1114 1216
7195 2 1 3 359 1232 850
6787 2 1 3 470 1055 1155
8037 2 1 3 168 934 1396
8702 2 1 3 169 1041 1527
7802 2 1 3 400 1350 807
5827 2 1 3 333 832 968
7293 2 1 3 520 979 1251
5741 2 1 3 391 939 952
5740 2 1 3 152 952 939
7038 2 1 3 225 958 1203
7044 2 1 3 228 957 1204
8281 2 1 3 234 841 1445
6926 2 1 3 425 872 1181
7641 2 1 3 306 977 1318
6130 2 1 3 435 751 1027
6725 2 1 3 369 683 1144
6103 2 1 3 137 1021 924
6104 2 1 3 408 924 1021
5753 2 1 3 532 954 913
5752 2 1 3 328 913 954
7405 2 1 3 479 1272 910
6249 2 1 3 228 757 1050
6250 2 1 3 375 1050 757
8396 2 1 3 768 1467 922
8401 2 1 3 769 1468 921
5877 2 1 3 450 830 978
8493 2 1 3 537 1333 1486
7399 2 1 3 453 1069 1271
6788 2 1 3 358 976 1155
5749 2 1 3 377 953 892
5748 2 1 3 241 892 953
7997 2 1 3 150 1388 936
6712 2 1 3 274 1141 752
7484 2 1 3 573 1062 1287
7483 2 1 3 422 1287 1062
8523 2 1 3 540 1492 981
8383 2 1 3 520 1217 1465
7861 2 1 3 391 1361 677
7989 2 1 3 359 819 1386
7840 2 1 3 526 874 1357
7839 2 1 3 262 1357 874
7194 2 1 3 359 896 1232
7437 2 1 3 399 681 1278
7441 2 1 3 397 679 1279
7433 2 1 3 398 680 1277
7446 2 1 3 396 678 1280
6587 2 1 3 427 1116 881
8283 2 1 3 374 1008 1445
6861 2 1 3 408 1169 930
7198 2 1 3 479 910 1233
7197 2 1 3 145 1233 910
6076 2 1 3 282 784 1016
8155 2 1 3 196 1419 776
8160 2 1 3 195 1420 775
8165 2 1 3 193 1421 773
8170 2 1 3 194 1422 774
8649 2 1 3 159 996 1516
7192 2 1 3 472 1232 896
6148 2 1 3 343 829 1031
7430 2 1 3 300 1277 680
7435 2 1 3 298 1278 681
7439 2 1 3 299 1279 679
7443 2 1 3 301 1280 678
8613 2 1 3 623 801 1509
8631 2 1 3 622 1512 805
8646 2 1 3 620 1515 798
8618 2 1 3 620 800 1510
8623 2 1 3 621 802 1511
8636 2 1 3 621 1513 803
8608 2 1 3 622 799 1508
8641 2 1 3 623 1514 804
6124 2 1 3 338 1026 774
6515 2 1 3 308 734 1101
8034 2 1 3 369 727 1395
7688 2 1 3 281 682 1328
7292 2 1 3 235 1251 979
6398 2 1 3 272 708 1078
6382 2 1 3 149 1075 711
6387 2 1 3 148 1076 710
6392 2 1 3 271 709 1077
6586 2 1 3 214 881 1116
7067 2 1 3 161 684 1208
7709 2 1 3 238 1331 1289
7822 2 1 3 206 683 1354
8706 2 1 3 280 1528 683
7329 2 1 3 330 682 1258
8092 2 1 3 378 1406 1049
8087 2 1 3 381 1405 1047
8082 2 1 3 380 1404 1048
8097 2 1 3 379 1407 1046
8658 2 1 3 204 849 1518
6780 2 1 3 163 1154 772
6781 2 1 3 405 772 1154
6995 2 1 3 180 690 1195
7290 2 1 3 424 1250 975
8683 2 1 3 189 1523 698
8855 2 1 3 480 806 1558
7696 2 1 3 500 1329 693
7489 2 1 3 731 1288 935
7672 2 1 3 417 684 1324
8821 2 1 3 404 1551 1363
6207 2 1 3 165 1042 975
6208 2 1 3 424 975 1042
7075 2 1 3 479 945 1209
7074 2 1 3 229 1209 945
7256 2 1 3 225 1244 958
7257 2 1 3 516 958 1244
7245 2 1 3 228 1242 957
7246 2 1 3 515 957 1242
6059 2 1 3 430 809 1013
7060 2 1 3 275 751 1206
6546 2 1 3 153 1107 764
6551 2 1 3 154 1108 767
6542 2 1 3 394 765 1106
6547 2 1 3 395 764 1107
6552 2 1 3 392 767 1108
6541 2 1 3 156 1106 765
7543 2 1 3 192 687 1299
7538 2 1 3 190 688 1298
8685 2 1 3 379 698 1523
8695 2 1 3 190 1525 697
8690 2 1 3 192 1524 699
7765 2 1 3 492 1342 1323
7551 2 1 3 316 1301 689
6164 2 1 3 262 874 1034
6165 2 1 3 461 1034 874
6159 2 1 3 263 873 1033
6160 2 1 3 463 1033 873
6554 2 1 3 335 707 1109
8241 2 1 3 12 13 1437
8251 2 1 3 78 79 1439
8256 2 1 3 45 46 1440
8246 2 1 3 111 112 1438
7620 2 1 3 340 1167 1314
6356 2 1 3 232 1070 850
6243 2 1 3 19 20 1049
6238 2 1 3 52 53 1048
6228 2 1 3 118 119 1046
6233 2 1 3 85 86 1047
7775 2 1 3 260 699 1344
7783 2 1 3 258 698 1346
7463 2 1 3 152 939 1283
7724 2 1 3 223 1334 836
7725 2 1 3 493 836 1334
8650 2 1 3 996 1380 1516
6375 2 1 3 462 1073 1032
6380 2 1 3 389 1033 1074
6374 2 1 3 387 1032 1073
6369 2 1 3 461 1072 1034
6368 2 1 3 388 1034 1072
6381 2 1 3 463 1074 1033
6852 2 1 3 184 972 1168
6446 2 1 3 449 1087 837
7495 2 1 3 316 690 1290
8569 2 1 3 368 1500 771
6427 2 1 3 294 726 1083
7270 2 1 3 248 1246 770
6430 2 1 3 147 721 1084
6643 2 1 3 355 709 1127
6648 2 1 3 356 710 1128
6896 2 1 3 260 1176 699
6890 2 1 3 257 1175 697
6884 2 1 3 258 1174 698
8684 2 1 3 379 1523 702
8694 2 1 3 190 703 1525
8689 2 1 3 192 704 1524
6416 2 1 3 459 1081 856
6422 2 1 3 456 1082 857
7052 2 1 3 422 870 1205
6179 2 1 3 204 784 1037
7640 2 1 3 306 1318 691
8724 2 1 3 615 705 1531
6300 2 1 3 307 758 1060
7952 2 1 3 425 1170 1379
8491 2 1 3 139 920 1486
6970 2 1 3 327 812 1190
8691 2 1 3 378 1525 703
8686 2 1 3 380 1524 704
7513 2 1 3 264 696 1293
7986 2 1 3 578 919 1386
6653 2 1 3 457 1129 879
8402 2 1 3 350 973 1469
7664 2 1 3 288 692 1323
6444 2 1 3 400 1086 732
8679 2 1 3 508 759 1522
8678 2 1 3 322 1522 759
8674 2 1 3 503 760 1521
8669 2 1 3 502 762 1520
8673 2 1 3 320 1521 760
8664 2 1 3 501 761 1519
8668 2 1 3 323 1520 762
8663 2 1 3 321 1519 761
8601 2 1 3 510 1506 793
8759 2 1 3 539 1538 885
7059 2 1 3 275 1206 782
6190 2 1 3 338 1039 791
7291 2 1 3 424 694 1250
6426 2 1 3 563 1083 745
7471 2 1 3 209 1285 750
7472 2 1 3 424 750 1285
8692 2 1 3 378 1345 1525
8054 2 1 3 342 983 1399
8877 2 1 3 176 887 1563
6713 2 1 3 386 752 1141
7473 2 1 3 424 1285 694
7988 2 1 3 359 1386 919
7311 2 1 3 477 1254 1012
7511 2 1 3 390 1293 696
7777 2 1 3 257 697 1345
7781 2 1 3 379 1346 698
8693 2 1 3 697 1525 1345
7318 2 1 3 223 1229 1256
8698 2 1 3 510 793 1526
8878 2 1 3 558 1563 887
7979 2 1 3 150 1384 727
7199 2 1 3 479 1233 945
8235 2 1 3 147 1436 709
6692 2 1 3 23 816 1137
6697 2 1 3 122 818 1138
6702 2 1 3 89 817 1139
6707 2 1 3 56 815 1140
6631 2 1 3 296 1125 749
6636 2 1 3 297 1126 748
7326 2 1 3 470 976 1257
7115 2 1 3 455 1195 1217
7422 2 1 3 644 1241 1275
7421 2 1 3 276 1275 1241
8578 2 1 3 306 1029 1502
7203 2 1 3 517 997 1234
7202 2 1 3 157 1234 997
6098 2 1 3 402 933 1020
6097 2 1 3 231 1020 933
5932 2 1 3 341 914 988
7734 2 1 3 142 751 1336
7735 2 1 3 435 1336 751
7743 2 1 3 116 787 1338
7748 2 1 3 83 790 1339
7753 2 1 3 50 788 1340
7758 2 1 3 17 789 1341
7642 2 1 3 511 1318 977
6644 2 1 3 271 847 1127
6649 2 1 3 269 846 1128
7866 2 1 3 515 1362 1236
6860 2 1 3 408 1063 1169
6227 2 1 3 372 807 1045
8871 2 1 3 363 1562 1275
7488 2 1 3 506 1288 731
8245 2 1 3 111 1438 715
8255 2 1 3 45 1440 714
8250 2 1 3 78 1439 712
8240 2 1 3 12 1437 713
6684 2 1 3 447 944 1135
8514 2 1 3 375 757 1490
6793 2 1 3 201 1156 763
8568 2 1 3 368 833 1500
8600 2 1 3 164 793 1506
8797 2 1 3 538 1546 1017
7762 2 1 3 171 705 1342
6252 2 1 3 280 1051 806
6633 2 1 3 566 744 1125
6638 2 1 3 565 746 1126
7673 2 1 3 233 1325 706
7651 2 1 3 144 830 1320
7652 2 1 3 450 1320 830
7462 2 1 3 152 1283 1122
8323 2 1 3 117 1407 1453
8318 2 1 3 18 1406 1452
8328 2 1 3 51 1404 1454
8333 2 1 3 84 1405 1455
6689 2 1 3 160 1136 875
8198 2 1 3 638 1429 827
7953 2 1 3 584 1379 1170
6611 2 1 3 263 1121 754
6323 2 1 3 205 785 1064
8501 2 1 3 142 1488 751
6514 2 1 3 561 1101 769
6979 2 1 3 505 1191 730
6974 2 1 3 504 1190 728
6969 2 1 3 507 1189 729
8758 2 1 3 333 885 1538
7136 2 1 3 237 1221 956
7137 2 1 3 468 956 1221
6350 2 1 3 453 1052 1069
6349 2 1 3 267 1069 1052
8561 2 1 3 536 1499 1384
8109 2 1 3 653 1409 1383
6879 2 1 3 295 1173 780
8822 2 1 3 404 1124 1551
6341 2 1 3 148 1067 916
6336 2 1 3 149 1066 917
6331 2 1 3 146 1065 915
7671 2 1 3 417 1324 716
7670 2 1 3 289 716 1324
8697 2 1 3 275 1526 793
8357 2 1 3 598 1459 1411
8351 2 1 3 597 1458 1412
8345 2 1 3 596 1457 1410
7708 2 1 3 238 912 1331
8772 2 1 3 151 1541 886
6815 2 1 3 668 1161 1068
8606 2 1 3 701 1037 1507
6691 2 1 3 22 23 1137
6706 2 1 3 55 56 1140
6701 2 1 3 88 89 1139
6696 2 1 3 121 122 1138
6850 2 1 3 161 1167 827
7078 2 1 3 241 1210 892
7079 2 1 3 436 892 1210
6996 2 1 3 180 1195 984
6997 2 1 3 455 984 1195
7131 2 1 3 448 920 1220
7130 2 1 3 139 1220 920
7806 2 1 3 224 1350 732
8154 2 1 3 357 1419 720
8169 2 1 3 355 1422 724
8164 2 1 3 354 1421 726
8159 2 1 3 356 1420 722
6509 2 1 3 218 781 1100
6881 2 1 3 564 743 1173
6907 2 1 3 377 1177 795
6844 2 1 3 264 1032 1166
7803 2 1 3 807 1350 1045
6790 2 1 3 376 763 1156
8498 2 1 3 363 1487 1257
6089 2 1 3 365 1018 991
8289 2 1 3 315 1446 883
8522 2 1 3 166 981 1492
6851 2 1 3 184 1168 759
6831 2 1 3 137 1164 1086
6870 2 1 3 525 1171 1070
8059 2 1 3 238 1400 912
8060 2 1 3 529 912 1400
7201 2 1 3 157 733 1234
8288 2 1 3 315 891 1446
8659 2 1 3 849 1314 1518
7189 2 1 3 169 1231 742
8032 2 1 3 273 1395 727
8720 2 1 3 405 1530 740
7625 2 1 3 218 1315 781
7626 2 1 3 431 781 1315
6954 2 1 3 502 1186 762
6949 2 1 3 501 1185 761
6959 2 1 3 503 1187 760
6964 2 1 3 508 1188 759
8781 2 1 3 676 1543 1109
7742 2 1 3 115 116 1338
7747 2 1 3 82 83 1339
7752 2 1 3 49 50 1340
7757 2 1 3 16 17 1341
7004 2 1 3 151 1196 839
7637 2 1 3 206 1028 1317
7003 2 1 3 151 848 1196
7141 2 1 3 211 853 1222
7146 2 1 3 212 852 1223
8892 2 1 3 173 1566 747
8887 2 1 3 174 1565 749
8360 2 1 3 277 1460 790
8361 2 1 3 467 790 1460
7804 2 1 3 400 732 1350
7184 2 1 3 266 767 1230
7064 2 1 3 490 838 1207
6841 2 1 3 387 1010 1166
6087 2 1 3 471 991 1018
6153 2 1 3 414 1031 928
6625 2 1 3 478 1061 1123
6624 2 1 3 405 1123 1061
7816 2 1 3 353 875 1352
8728 2 1 3 533 1428 1532
7454 2 1 3 253 1282 1254
7455 2 1 3 619 1254 1282
7873 2 1 3 229 1363 1209
8273 2 1 3 48 1112 1443
8268 2 1 3 81 1113 1442
8263 2 1 3 114 1110 1441
8278 2 1 3 15 1111 1444
6655 2 1 3 337 796 1130
7339 2 1 3 296 749 1260
7351 2 1 3 294 747 1262
7345 2 1 3 297 748 1261
6216 2 1 3 209 1044 897
6873 2 1 3 295 780 1172
8108 2 1 3 448 1383 1409
8769 2 1 3 481 1540 1388
6499 2 1 3 560 1098 824
6504 2 1 3 559 1099 825
7729 2 1 3 361 1335 1064
8438 2 1 3 167 1476 741
8038 2 1 3 493 1396 934
6573 2 1 3 81 82 1113
6565 2 1 3 15 16 1111
6569 2 1 3 48 49 1112
6561 2 1 3 114 115 1110
7182 2 1 3 392 1230 767
7126 2 1 3 447 1036 1219
8872 2 1 3 644 1275 1562
6353 2 1 3 371 850 1070
8510 2 1 3 765 1052 1489
8414 2 1 3 182 1471 1386
7884 2 1 3 174 744 1366
7880 2 1 3 175 746 1365
7888 2 1 3 172 743 1367
7362 2 1 3 133 1264 903
7357 2 1 3 34 1263 900
7390 2 1 3 8 904 1269
7395 2 1 3 107 906 1270
7367 2 1 3 67 1265 901
7372 2 1 3 100 1266 902
7385 2 1 3 41 905 1268
7380 2 1 3 74 907 1267
8836 2 1 3 483 1555 748
7267 2 1 3 368 770 1246
6449 2 1 3 433 837 1087
6674 2 1 3 382 880 1133
6669 2 1 3 385 881 1132
6679 2 1 3 383 882 1134
6174 2 1 3 416 1035 1021
6173 2 1 3 408 1021 1035
7055 2 1 3 434 782 1206
8337 2 1 3 352 1456 1158
6718 2 1 3 384 890 1142
8830 2 1 3 477 1553 763
8827 2 1 3 201 763 1553
8217 2 1 3 650 1432 949
8223 2 1 3 649 1433 950
8212 2 1 3 651 1431 948
8207 2 1 3 652 1430 947
7129 2 1 3 139 779 1220
6799 2 1 3 141 808 1158
7874 2 1 3 229 1071 1363
8000 2 1 3 583 1273 1388
6817 2 1 3 381 1161 822
8274 2 1 3 592 1443 1112
8269 2 1 3 593 1442 1113
8264 2 1 3 591 1441 1110
8279 2 1 3 594 1444 1111
7319 2 1 3 546 1256 1229
8324 2 1 3 624 1453 1407
8319 2 1 3 626 1452 1406
8334 2 1 3 627 1455 1405
8329 2 1 3 625 1454 1404
7092 2 1 3 600 1213 977
7091 2 1 3 138 977 1213
6905 2 1 3 197 795 1177
6280 2 1 3 413 1056 941
6293 2 1 3 473 940 1058
6299 2 1 3 476 942 1059
6292 2 1 3 412 1058 940
6281 2 1 3 474 941 1056
6287 2 1 3 475 943 1057
6298 2 1 3 411 1059 942
6286 2 1 3 410 1057 943
7476 2 1 3 450 1286 1079
8439 2 1 3 167 968 1476
8022 2 1 3 57 58 1393
8012 2 1 3 90 91 1391
8027 2 1 3 123 124 1394
8017 2 1 3 24 25 1392
7183 2 1 3 266 1230 792
8292 2 1 3 124 125 1447
8307 2 1 3 25 26 1450
8302 2 1 3 91 92 1449
8297 2 1 3 58 59 1448
6822 2 1 3 406 841 1162
6821 2 1 3 234 1162 841
7338 2 1 3 164 1259 793
6582 2 1 3 567 858 1115
8714 2 1 3 548 1529 1143
8506 2 1 3 156 765 1489
8535 2 1 3 239 1378 1494
8096 2 1 3 117 118 1407
8086 2 1 3 84 85 1405
8081 2 1 3 51 52 1404
8091 2 1 3 18 19 1406
7215 2 1 3 345 957 1236
7210 2 1 3 344 958 1235
8218 2 1 3 175 1433 1199
8219 2 1 3 649 1199 1433
6763 2 1 3 516 1150 887
8520 2 1 3 750 1042 1491
8321 2 1 3 116 1453 787
8326 2 1 3 50 1454 788
8331 2 1 3 83 1455 790
8316 2 1 3 17 1452 789
8227 2 1 3 541 1434 1210
8484 2 1 3 518 1484 996
8489 2 1 3 517 1485 997
8392 2 1 3 199 1467 768
8397 2 1 3 198 1468 769
6526 2 1 3 127 128 1103
6521 2 1 3 28 29 1102
6531 2 1 3 61 62 1104
6536 2 1 3 94 95 1105
7990 2 1 3 188 831 1387
6585 2 1 3 214 1116 855
6906 2 1 3 377 892 1177
6941 2 1 3 316 1184 886
6942 2 1 3 418 886 1184
8630 2 1 3 105 805 1512
8645 2 1 3 6 798 1515
8640 2 1 3 39 804 1514
8635 2 1 3 72 803 1513
8612 2 1 3 36 1509 801
8607 2 1 3 102 1508 799
8617 2 1 3 135 1510 800
8622 2 1 3 69 1511 802
7275 2 1 3 426 1122 1247
7276 2 1 3 549 1247 1122
7493 2 1 3 453 1289 1052
7494 2 1 3 535 1052 1289
7082 2 1 3 243 899 1211
6333 2 1 3 420 917 1066
6338 2 1 3 419 916 1067
6328 2 1 3 421 915 1065
7686 2 1 3 454 979 1327
7687 2 1 3 632 1327 979
7940 2 1 3 205 782 1377
7941 2 1 3 434 1377 782
7798 2 1 3 314 990 1349
8598 2 1 3 609 1401 1506
8803 2 1 3 331 778 1548
6927 2 1 3 425 1181 1170
7295 2 1 3 455 1251 983
7294 2 1 3 235 983 1251
6682 2 1 3 314 1036 1135
6683 2 1 3 447 1135 1036
7645 2 1 3 331 1319 931
8788 2 1 3 460 780 1544
8785 2 1 3 172 1544 780
8239 2 1 3 384 1436 889
7678 2 1 3 280 1326 1022
7679 2 1 3 573 1022 1326
6893 2 1 3 387 1175 1010
6899 2 1 3 389 1176 1009
6887 2 1 3 388 1174 1011
7850 2 1 3 352 1359 778
8654 2 1 3 292 816 1517
8655 2 1 3 475 1517 816
8478 2 1 3 330 779 1483
7539 2 1 3 362 986 1298
7544 2 1 3 364 987 1299
7086 2 1 3 513 1211 821
6320 2 1 3 239 1063 1035
8395 2 1 3 552 922 1467
8400 2 1 3 555 921 1468
6965 2 1 3 326 877 1189
6975 2 1 3 324 878 1191
6785 2 1 3 231 933 1155
7423 2 1 3 363 1275 985
7856 2 1 3 261 781 1360
7857 2 1 3 431 1360 781
6686 2 1 3 375 875 1136
8696 2 1 3 275 782 1526
7315 2 1 3 549 1255 797
6314 2 1 3 422 1062 1030
6313 2 1 3 242 1030 1062
7412 2 1 3 583 909 1273
7699 2 1 3 567 1115 1330
7221 2 1 3 480 813 1237
6924 2 1 3 339 835 1181
6671 2 1 3 217 1133 880
6666 2 1 3 214 1132 881
6676 2 1 3 216 1134 882
8036 2 1 3 168 1396 783
8657 2 1 3 204 1518 784
8661 2 1 3 452 784 1518
7815 2 1 3 353 1352 1002
7912 2 1 3 410 1120 1371
7170 2 1 3 562 823 1228
7835 2 1 3 530 1356 899
8603 2 1 3 282 1507 784
7698 2 1 3 251 1330 1115
6875 2 1 3 409 1084 1172
7070 2 1 3 468 1208 956
8429 2 1 3 205 1474 785
6766 2 1 3 211 959 1151
6771 2 1 3 212 960 1152
6772 2 1 3 419 1152 960
6767 2 1 3 420 1151 959
6777 2 1 3 421 1153 961
6776 2 1 3 213 961 1153
6715 2 1 3 215 1142 890
7418 2 1 3 181 1274 813
7761 2 1 3 465 1341 789
7751 2 1 3 467 1339 790
7756 2 1 3 464 1340 788
7746 2 1 3 466 1338 787
8023 2 1 3 58 942 1393
8028 2 1 3 124 941 1394
8018 2 1 3 25 943 1392
8013 2 1 3 91 940 1391
8443 2 1 3 302 1477 1224
8444 2 1 3 669 1224 1477
8459 2 1 3 304 1480 1226
8460 2 1 3 671 1226 1480
7005 2 1 3 230 1197 837
8570 2 1 3 241 786 1501
6849 2 1 3 161 1007 1167
6759 2 1 3 311 887 1150
8291 2 1 3 124 1447 941
8301 2 1 3 91 1449 940
8306 2 1 3 25 1450 943
8296 2 1 3 58 1448 942
7710 2 1 3 535 1289 1331
8378 2 1 3 4 1464 136
8374 2 1 3 3 1463 103
8370 2 1 3 1 1462 37
8365 2 1 3 2 1461 70
8373 2 1 3 3 104 1463
8369 2 1 3 1 38 1462
8366 2 1 3 2 71 1461
8377 2 1 3 4 5 1464
8519 2 1 3 750 1491 1355
8518 2 1 3 312 1355 1491
7668 2 1 3 692 1005 1323
8350 2 1 3 498 1412 1458
8356 2 1 3 497 1411 1459
8344 2 1 3 499 1410 1457
7808 2 1 3 576 1154 1351
7807 2 1 3 163 1351 1154
7188 2 1 3 169 840 1231
7720 2 1 3 230 1014 1333
8490 2 1 3 139 1486 791
7911 2 1 3 410 1371 1229
7507 2 1 3 528 1292 1131
7901 2 1 3 160 794 1370
8854 2 1 3 480 1558 813
8853 2 1 3 181 813 1558
8043 2 1 3 158 1397 879
8044 2 1 3 457 879 1397
7426 2 1 3 208 908 1276
8200 2 1 3 684 1429 1324
8199 2 1 3 289 1324 1429
8546 2 1 3 245 1496 950
8552 2 1 3 396 947 1497
8540 2 1 3 244 1495 949
8557 2 1 3 397 948 1498
7719 2 1 3 230 1333 1300
7697 2 1 3 693 1329 910
7050 2 1 3 336 859 1205
8579 2 1 3 530 1502 1029
7999 2 1 3 481 1388 1273
6599 2 1 3 411 967 1118
6594 2 1 3 413 964 1117
6605 2 1 3 579 1119 966
6595 2 1 3 580 1117 964
6604 2 1 3 412 966 1119
6609 2 1 3 410 965 1120
6600 2 1 3 582 1118 967
6610 2 1 3 581 1120 965
8852 2 1 3 181 1558 806
8734 2 1 3 28 1102 1533
8749 2 1 3 127 1103 1536
8744 2 1 3 94 1105 1535
8739 2 1 3 61 1104 1534
6727 2 1 3 437 1023 1144
6726 2 1 3 369 1144 1023
7185 2 1 3 406 1231 840
8222 2 1 3 571 950 1433
8216 2 1 3 569 949 1432
8211 2 1 3 570 948 1431
8206 2 1 3 568 947 1430
7833 2 1 3 180 1356 1029
7834 2 1 3 530 1029 1356
8327 2 1 3 50 51 1454
8332 2 1 3 83 84 1455
8322 2 1 3 116 117 1453
8317 2 1 3 17 18 1452
8884 2 1 3 561 1564 1001
8883 2 1 3 177 1001 1564
7978 2 1 3 150 936 1384
8597 2 1 3 164 1506 1401
8789 2 1 3 437 1545 1024
8825 2 1 3 476 1552 815
8824 2 1 3 293 815 1552
7813 2 1 3 648 1002 1352
7193 2 1 3 232 850 1232
6857 2 1 3 478 1123 1169
7400 2 1 3 453 1271 1038
8423 2 1 3 386 1473 808
7178 2 1 3 223 1057 1229
8406 2 1 3 186 935 1469
8585 2 1 3 402 1503 969
6316 2 1 3 408 1035 1063
8865 2 1 3 473 1560 817
8869 2 1 3 474 1561 818
8866 2 1 3 291 818 1561
8862 2 1 3 290 817 1560
6687 2 1 3 375 1136 1050
6688 2 1 3 458 1050 1136
7261 2 1 3 516 1244 1150
8112 2 1 3 499 937 1410
8111 2 1 3 222 1410 937
8120 2 1 3 498 938 1412
8119 2 1 3 221 1412 938
7337 2 1 3 164 893 1259
7282 2 1 3 165 975 1249
7283 2 1 3 557 1249 975
7987 2 1 3 182 1386 819
8477 2 1 3 578 1483 963
7864 2 1 3 178 1362 825
8053 2 1 3 342 1399 821
6830 2 1 3 137 924 1164
7737 2 1 3 208 1276 1337
7738 2 1 3 617 1337 1276
7061 2 1 3 164 1207 893
8391 2 1 3 179 1466 824
7935 2 1 3 159 1376 996
7936 2 1 3 518 996 1376
7863 2 1 3 376 1361 952
8042 2 1 3 158 823 1397
7739 2 1 3 208 1337 845
7740 2 1 3 432 845 1337
7722 2 1 3 494 1334 1256
6811 2 1 3 210 1004 1160
6859 2 1 3 203 930 1169
7730 2 1 3 510 1064 1335
8666 2 1 3 900 1263 1519
8681 2 1 3 903 1264 1522
8671 2 1 3 902 1266 1520
8676 2 1 3 901 1265 1521
7359 2 1 3 34 35 1263
7364 2 1 3 133 134 1264
7369 2 1 3 67 68 1265
7374 2 1 3 100 101 1266
7384 2 1 3 40 41 1268
7379 2 1 3 73 74 1267
7394 2 1 3 106 107 1270
7389 2 1 3 7 8 1269
8483 2 1 3 518 1312 1484
8488 2 1 3 517 1313 1485
7427 2 1 3 426 1276 908
7934 2 1 3 159 834 1376
6856 2 1 3 203 1169 1123
8380 2 1 3 144 1465 830
7619 2 1 3 340 1314 849
8405 2 1 3 186 1469 973
8757 2 1 3 333 1538 832
8230 2 1 3 159 1435 834
7397 2 1 3 195 872 1271
7659 2 1 3 319 1322 845
8819 2 1 3 531 1551 1212
7937 2 1 3 518 1376 1089
7579 2 1 3 97 98 1306
7599 2 1 3 64 65 1310
7604 2 1 3 10 11 1311
7569 2 1 3 31 32 1304
7584 2 1 3 109 110 1307
7574 2 1 3 130 131 1305
7589 2 1 3 43 44 1308
7594 2 1 3 76 77 1309
7324 2 1 3 158 879 1257
6784 2 1 3 470 1155 976
7562 2 1 3 196 870 1303
7867 2 1 3 515 1090 1362
8103 2 1 3 230 837 1408
7334 2 1 3 407 1259 893
8224 2 1 3 140 835 1434
8358 2 1 3 598 1091 1459
8352 2 1 3 597 1092 1458
8346 2 1 3 596 1093 1457
7879 2 1 3 315 883 1364
7787 2 1 3 242 1347 1030
7788 2 1 3 512 1030 1347
8294 2 1 3 413 941 1447
8299 2 1 3 411 942 1448
8304 2 1 3 412 940 1449
8309 2 1 3 410 943 1450
7094 2 1 3 423 1130 1213
8101 2 1 3 433 1408 837
7661 2 1 3 448 1322 920
7660 2 1 3 319 920 1322
7307 2 1 3 360 1253 962
8051 2 1 3 151 886 1398
8468 2 1 3 495 1006 1481
7254 2 1 3 456 1243 1088
7250 2 1 3 515 1242 1090
7265 2 1 3 459 1245 1089
7249 2 1 3 458 1090 1242
7255 2 1 3 517 1088 1243
7266 2 1 3 518 1089 1245
7260 2 1 3 457 1150 1244
8703 2 1 3 514 1527 1041
8901 2 1 3 223 836 1567
7878 2 1 3 315 1364 894
8874 2 1 3 879 1129 1562
8472 2 1 3 532 1482 1216
8653 2 1 3 292 1517 836
8509 2 1 3 535 1489 1052
7624 2 1 3 218 888 1315
8555 2 1 3 247 1120 1498
8556 2 1 3 581 1498 1120
8551 2 1 3 580 1497 1117
8550 2 1 3 246 1117 1497
8293 2 1 3 413 1447 964
8298 2 1 3 411 1448 967
8308 2 1 3 410 1450 965
8303 2 1 3 412 1449 966
8511 2 1 3 277 1490 1460
8512 2 1 3 757 1460 1490
8725 2 1 3 237 1532 838
8180 2 1 3 215 854 1425
8176 2 1 3 212 1424 852
8172 2 1 3 211 1423 853
8188 2 1 3 213 1427 851
8184 2 1 3 214 855 1426
8771 2 1 3 151 839 1541
7408 2 1 3 239 1273 909
8701 2 1 3 169 1527 840
8891 2 1 3 749 1565 1556
8896 2 1 3 747 1566 1554
8127 2 1 3 346 1414 856
8122 2 1 3 347 1413 857
7814 2 1 3 375 1352 875
8688 2 1 3 699 1524 1344
8687 2 1 3 380 1344 1524
8861 2 1 3 576 1559 843
6809 2 1 3 409 1160 1004
7855 2 1 3 261 1360 869
8863 2 1 3 290 1560 923
7667 2 1 3 492 1323 1005
7967 2 1 3 449 1382 1087
8178 2 1 3 441 1424 863
8190 2 1 3 440 1427 864
8186 2 1 3 445 868 1426
8185 2 1 3 214 1426 868
8181 2 1 3 215 1425 865
8174 2 1 3 442 1423 861
8173 2 1 3 211 861 1423
8177 2 1 3 212 863 1424
8189 2 1 3 213 864 1427
8182 2 1 3 443 865 1425
7837 2 1 3 262 1327 1357
7838 2 1 3 632 1357 1327
7119 2 1 3 437 1218 1023
7118 2 1 3 150 1023 1218
8767 2 1 3 329 1540 980
8277 2 1 3 14 15 1444
8262 2 1 3 113 114 1441
8267 2 1 3 80 81 1442
8272 2 1 3 47 48 1443
7902 2 1 3 160 1370 1136
8238 2 1 3 384 1077 1436
6846 2 1 3 452 1167 1007
7247 2 1 3 228 1050 1242
7248 2 1 3 458 1242 1050
7204 2 1 3 517 1234 1088
7140 2 1 3 211 1222 959
7145 2 1 3 212 1223 960
8624 2 1 3 69 70 1511
8609 2 1 3 102 103 1508
8629 2 1 3 104 105 1512
8644 2 1 3 5 6 1515
8614 2 1 3 36 37 1509
8619 2 1 3 135 136 1510
8639 2 1 3 38 39 1514
8634 2 1 3 71 72 1513
7638 2 1 3 438 1317 1028
8738 2 1 3 60 61 1534
8743 2 1 3 93 94 1535
8733 2 1 3 27 28 1533
8748 2 1 3 126 127 1536
7877 2 1 3 417 1364 883
8890 2 1 3 482 1556 1565
8895 2 1 3 484 1554 1566
6933 2 1 3 385 1182 1075
6938 2 1 3 383 1183 1076
8567 2 1 3 771 1500 1492
8566 2 1 3 166 1492 1500
7946 2 1 3 239 1035 1378
7217 2 1 3 242 1237 988
8790 2 1 3 1024 1545 1317
7207 2 1 3 516 1235 958
7212 2 1 3 515 1236 957
7491 2 1 3 238 1289 1038
7492 2 1 3 453 1038 1289
7306 2 1 3 360 1015 1253
8799 2 1 3 298 861 1547
8813 2 1 3 305 1550 866
8809 2 1 3 303 1549 865
7485 2 1 3 325 935 1288
8711 2 1 3 193 871 1529
7723 2 1 3 494 1180 1334
7693 2 1 3 145 910 1329
8048 2 1 3 418 1398 886
7791 2 1 3 243 1348 1143
7792 2 1 3 548 1143 1348
7458 2 1 3 372 1283 939
7705 2 1 3 374 1331 912
8867 2 1 3 291 1561 898
7565 2 1 3 512 1303 1030
7621 2 1 3 452 1314 1167
7965 2 1 3 155 1382 895
6840 2 1 3 387 1166 1032
8260 2 1 3 113 1441 992
8265 2 1 3 80 1442 993
8270 2 1 3 47 1443 994
8275 2 1 3 14 1444 995
8237 2 1 3 147 889 1436
8529 2 1 3 491 1493 951
8528 2 1 3 253 951 1493
6858 2 1 3 478 1169 1063
8002 2 1 3 415 1025 1389
7860 2 1 3 391 952 1361
8285 2 1 3 533 1446 891
7281 2 1 3 575 1248 1085
8823 2 1 3 293 1552 876
7797 2 1 3 314 1349 918
7450 2 1 3 403 1281 1026
8856 2 1 3 451 1286 1559
7996 2 1 3 583 1388 1218
7995 2 1 3 150 1218 1388
8870 2 1 3 363 879 1562
7341 2 1 3 419 1067 1260
7347 2 1 3 420 1066 1261
7353 2 1 3 421 1065 1262
7529 2 1 3 428 1296 972
7524 2 1 3 429 1295 971
7534 2 1 3 427 1297 970
7459 2 1 3 372 1255 1283
7881 2 1 3 746 925 1365
7885 2 1 3 744 926 1366
7889 2 1 3 743 927 1367
7706 2 1 3 374 1080 1331
7707 2 1 3 535 1331 1080
8474 2 1 3 519 1482 1017
8473 2 1 3 236 1017 1482
8652 2 1 3 472 896 1516
6983 2 1 3 382 1078 1192
8536 2 1 3 551 1494 1378
8467 2 1 3 145 1481 1006
7526 2 1 3 348 972 1296
7521 2 1 3 349 971 1295
7531 2 1 3 351 970 1297
7887 2 1 3 569 1366 926
7891 2 1 3 570 1367 927
7883 2 1 3 571 1365 925
8868 2 1 3 474 898 1561
8662 2 1 3 321 900 1519
8677 2 1 3 322 903 1522
8672 2 1 3 320 901 1521
8667 2 1 3 323 902 1520
8436 2 1 3 350 1475 973
6818 2 1 3 381 1068 1161
7268 2 1 3 368 1246 1097
7269 2 1 3 610 1097 1246
7460 2 1 3 549 1283 1255
8502 2 1 3 751 1488 1206
7649 2 1 3 144 1320 1316
7650 2 1 3 577 1316 1320
8464 2 1 3 145 1329 1481
7128 2 1 3 527 1214 1219
7127 2 1 3 447 1219 1214
8505 2 1 3 434 1488 946
8784 2 1 3 335 1543 946
7951 2 1 3 425 1379 1038
7862 2 1 3 376 1156 1361
8796 2 1 3 341 1017 1546
7302 2 1 3 469 1253 1015
7790 2 1 3 547 1179 1347
7789 2 1 3 512 1347 1179
7795 2 1 3 513 1178 1348
7796 2 1 3 548 1348 1178
7975 2 1 3 536 1384 936
8795 2 1 3 341 1546 914
7805 2 1 3 224 1045 1350
8031 2 1 3 474 1394 941
8021 2 1 3 475 1392 943
8016 2 1 3 473 1391 940
8026 2 1 3 476 1393 942
8864 2 1 3 473 923 1560
7799 2 1 3 432 1349 990
7829 2 1 3 614 1044 1355
8404 2 1 3 590 1469 935
8236 2 1 3 709 1436 1077
8820 2 1 3 531 1363 1551
7482 2 1 3 422 1205 1287
8107 2 1 3 448 1409 1322
7313 2 1 3 372 1045 1255
8754 2 1 3 491 1328 1537
7406 2 1 3 479 1209 1272
7407 2 1 3 531 1272 1209
7175 2 1 3 410 1229 1057
7675 2 1 3 462 1325 1053
7674 2 1 3 233 1053 1325
8075 2 1 3 162 1403 1015
8076 2 1 3 469 1015 1403
8503 2 1 3 142 946 1488
7832 2 1 3 180 984 1356
7994 2 1 3 556 1387 969
8537 2 1 3 398 949 1495
8543 2 1 3 399 950 1496
8549 2 1 3 246 1497 947
8554 2 1 3 247 1498 948
8311 2 1 3 557 1451 1249
7818 2 1 3 583 1218 1353
8766 2 1 3 329 936 1540
8132 2 1 3 385 1415 1182
8133 2 1 3 665 1182 1415
8147 2 1 3 383 1418 1183
8148 2 1 3 663 1183 1418
7980 2 1 3 183 974 1385
7908 2 1 3 247 1165 1371
7909 2 1 3 546 1371 1165
8305 2 1 3 26 965 1450
8290 2 1 3 125 964 1447
8295 2 1 3 59 967 1448
8300 2 1 3 92 966 1449
7639 2 1 3 438 1024 1317
8782 2 1 3 434 946 1543
8589 2 1 3 487 1226 1504
8594 2 1 3 486 1224 1505
7715 2 1 3 403 1333 1014
7821 2 1 3 437 1024 1353
7563 2 1 3 196 1303 1157
7564 2 1 3 512 1157 1303
8526 2 1 3 253 1493 1282
8527 2 1 3 685 1282 1493
7974 2 1 3 653 1383 1258
8434 2 1 3 430 973 1475
7258 2 1 3 225 1129 1244
7259 2 1 3 457 1244 1129
8727 2 1 3 533 1532 1446
7954 2 1 3 364 1380 996
7959 2 1 3 362 1381 997
8582 2 1 3 249 969 1503
7138 2 1 3 468 1221 1193
7139 2 1 3 490 1193 1221
7718 2 1 3 537 1300 1333
7297 2 1 3 520 1251 1217
7296 2 1 3 455 1217 1251
8665 2 1 3 501 1519 1263
8670 2 1 3 502 1520 1266
8675 2 1 3 503 1521 1265
8680 2 1 3 508 1522 1264
8102 2 1 3 230 1408 1014
7461 2 1 3 549 1122 1283
7819 2 1 3 255 1353 1024
7982 2 1 3 618 1385 1019
8719 2 1 3 405 1154 1530
8005 2 1 3 207 1389 1025
8144 2 1 3 384 1142 1417
7277 2 1 3 265 1085 1248
7721 2 1 3 223 1256 1334
8310 2 1 3 496 1249 1451
8507 2 1 3 156 1489 1080
8508 2 1 3 535 1080 1489
8149 2 1 3 383 1134 1418
8139 2 1 3 382 1133 1416
8134 2 1 3 385 1132 1415
8487 2 1 3 362 997 1485
8482 2 1 3 364 996 1484
8777 2 1 3 353 1043 1542
8778 2 1 3 528 1542 1043
8338 2 1 3 485 1158 1456
8280 2 1 3 234 1445 1008
7479 2 1 3 451 1079 1286
7504 2 1 3 527 1291 1284
8580 2 1 3 530 1302 1502
8581 2 1 3 600 1502 1302
7417 2 1 3 181 1114 1274
7413 2 1 3 519 1274 1114
7972 2 1 3 448 1220 1383
7847 2 1 3 500 1358 1095
7846 2 1 3 252 1095 1358
7943 2 1 3 416 1378 1035
7402 2 1 3 283 1272 1212
7403 2 1 3 531 1212 1272
7948 2 1 3 238 1038 1379
7771 2 1 3 249 1343 1079
7496 2 1 3 316 1290 1184
7497 2 1 3 534 1184 1290
8709 2 1 3 485 1528 1022
8708 2 1 3 280 1022 1528
7872 2 1 3 531 1209 1363
8517 2 1 3 667 1491 1042
7849 2 1 3 557 1358 1294
7848 2 1 3 500 1294 1358
8903 2 1 3 234 1568 1005
8904 2 1 3 492 1005 1568
8590 2 1 3 487 1504 1415
8595 2 1 3 486 1505 1416
8591 2 1 3 665 1415 1504
8596 2 1 3 664 1416 1505
7510 2 1 3 435 1131 1292
8902 2 1 3 234 1008 1568
7903 2 1 3 458 1136 1370
8604 2 1 3 784 1507 1037
7468 2 1 3 527 1284 1214
7503 2 1 3 496 1284 1291
8755 2 1 3 491 1537 1493
8756 2 1 3 685 1493 1537
7898 2 1 3 495 1095 1369
7897 2 1 3 252 1369 1095
8707 2 1 3 683 1528 1354
7768 2 1 3 450 1079 1343
8764 2 1 3 451 1539 1079
8801 2 1 3 483 1199 1547
8811 2 1 3 488 1549 1225
8815 2 1 3 489 1550 1227
8079 2 1 3 52 1048 1404
8084 2 1 3 85 1047 1405
8094 2 1 3 118 1046 1407
8089 2 1 3 19 1049 1406
8599 2 1 3 609 1506 1335
7744 2 1 3 115 1338 1110
7760 2 1 3 465 1111 1341
7759 2 1 3 16 1341 1111
7749 2 1 3 82 1339 1113
7754 2 1 3 49 1340 1112
7745 2 1 3 466 1110 1338
7755 2 1 3 464 1112 1340
7750 2 1 3 467 1113 1339
7869 2 1 3 404 1363 1071
7966 2 1 3 155 1087 1382
8129 2 1 3 592 1202 1414
8124 2 1 3 594 1201 1413
7464 2 1 3 240 1214 1284
8390 2 1 3 179 1081 1466
8583 2 1 3 249 1503 1343
8787 2 1 3 460 1544 1094
8783 2 1 3 335 1109 1543
8900 2 1 3 223 1567 1057
8135 2 1 3 487 1415 1132
8150 2 1 3 489 1418 1134
8140 2 1 3 486 1416 1133
8829 2 1 3 477 1159 1553
8145 2 1 3 488 1417 1142
8078 2 1 3 608 1402 1403
8077 2 1 3 469 1403 1402
7614 2 1 3 226 1313 1243
7608 2 1 3 227 1312 1245
7615 2 1 3 517 1243 1313
7609 2 1 3 518 1245 1312
7907 2 1 3 247 1371 1120
8193 2 1 3 541 1428 1321
8534 2 1 3 239 1494 1273
8894 2 1 3 484 1566 1200
8889 2 1 3 482 1565 1198
7726 2 1 3 493 1334 1180
7859 2 1 3 677 1361 1156
8011 2 1 3 527 1219 1390
7820 2 1 3 437 1353 1218
8315 2 1 3 240 1284 1451
8584 2 1 3 577 1343 1503
8386 2 1 3 459 1466 1081
7793 2 1 3 243 1211 1348
7794 2 1 3 513 1348 1211
8343 2 1 3 499 1457 1108
8342 2 1 3 392 1108 1457
8355 2 1 3 497 1459 1106
8349 2 1 3 498 1458 1107
8354 2 1 3 394 1106 1459
8348 2 1 3 395 1107 1458
8314 2 1 3 240 1451 1294
8066 2 1 3 164 1401 1207
8897 2 1 3 475 1057 1567
8341 2 1 3 392 1457 1093
8353 2 1 3 394 1459 1091
8347 2 1 3 395 1458 1092
8232 2 1 3 616 1238 1435
8610 2 1 3 103 1463 1508
8625 2 1 3 70 1461 1511
8620 2 1 3 136 1464 1510
8615 2 1 3 37 1462 1509
8626 2 1 3 621 1511 1461
8621 2 1 3 620 1510 1464
8616 2 1 3 623 1509 1462
8611 2 1 3 622 1508 1463
8637 2 1 3 38 1514 1462
8633 2 1 3 621 1461 1513
8627 2 1 3 104 1512 1463
8642 2 1 3 5 1515 1464
8632 2 1 3 71 1513 1461
8628 2 1 3 622 1463 1512
8638 2 1 3 623 1462 1514
8643 2 1 3 620 1464 1515
8425 2 1 3 550 1473 1141
8424 2 1 3 386 1141 1473
8469 2 1 3 495 1481 1095
8571 2 1 3 241 1501 1210
8572 2 1 3 541 1210 1501
7769 2 1 3 450 1343 1320
7770 2 1 3 577 1320 1343
8004 2 1 3 207 1215 1389
8835 2 1 3 421 1554 1153
8840 2 1 3 420 1555 1151
8845 2 1 3 419 1556 1152
8504 2 1 3 434 1206 1488
8499 2 1 3 470 1257 1487
8762 2 1 3 249 1079 1539
7701 2 1 3 527 1330 1291
7700 2 1 3 251 1291 1330
8412 2 1 3 584 1470 1400
7910 2 1 3 546 1229 1371
8651 2 1 3 472 1516 1380
8411 2 1 3 529 1400 1470
8010 2 1 3 527 1390 1330
8873 2 1 3 644 1562 1129
8876 2 1 3 665 1504 1563
8875 2 1 3 176 1563 1504
8881 2 1 3 177 1564 1505
8882 2 1 3 664 1505 1564
8063 2 1 3 490 1207 1401
8312 2 1 3 557 1294 1451
8001 2 1 3 666 1389 1215
8009 2 1 3 162 1390 1219
8837 2 1 3 748 1555 1261
8842 2 1 3 749 1556 1260
8832 2 1 3 747 1554 1262
8817 2 1 3 170 1551 1124
8210 2 1 3 570 1431 1367
8215 2 1 3 569 1432 1366
8221 2 1 3 571 1433 1365
8220 2 1 3 175 1365 1433
8214 2 1 3 174 1366 1432
8209 2 1 3 172 1367 1431
8008 2 1 3 567 1330 1390
8716 2 1 3 576 1530 1154
8791 2 1 3 437 1144 1545
7970 2 1 3 330 1258 1383
7899 2 1 3 495 1369 1368
7900 2 1 3 595 1368 1369
8833 2 1 3 484 1153 1554
8843 2 1 3 482 1152 1556
8838 2 1 3 483 1151 1555
8475 2 1 3 519 1216 1482
8225 2 1 3 140 1434 1321
8226 2 1 3 541 1321 1434
8839 2 1 3 420 1261 1555
8844 2 1 3 419 1260 1556
8834 2 1 3 421 1262 1554
8313 2 1 3 496 1451 1284
8859 2 1 3 451 1559 1351
8860 2 1 3 576 1351 1559
8792 2 1 3 206 1317 1545
8196 2 1 3 533 1321 1428
8660 2 1 3 452 1518 1314
8481 2 1 3 645 1484 1312
8486 2 1 3 646 1485 1313
8531 2 1 3 481 1273 1494
8805 2 1 3 556 1319 1548
8804 2 1 3 331 1548 1319
8062 2 1 3 584 1400 1379
8058 2 1 3 238 1379 1400
8602 2 1 3 510 1335 1506
8710 2 1 3 485 1354 1528
8899 2 1 3 836 1517 1567
8898 2 1 3 475 1567 1517