"omega","psi","vx","vy","vtkValidPointMask","arc_length","Points:0","Points:1","Points:2"
1.1555606,1.6885306e-18,0,0,1,0,0,0.5,0
1.1452739,-1.1309667e-05,3.3414955e-05,0.00098634417,1,0.001,0.001,0.5,0
1.1349872,-2.2619334e-05,6.6829911e-05,0.0019726883,1,0.0020000001,0.0020000001,0.5,0
1.1247005,-3.3929e-05,0.00010024486,0.0029590324,1,0.003,0.003,0.5,0
1.1144138,-4.5238669e-05,0.00013365982,0.0039453767,1,0.0040000002,0.0040000002,0.5,0
1.1041271,-5.6548332e-05,0.00016707477,0.0049317205,1,0.0049999999,0.0049999999,0.5,0
1.0938404,-6.7858e-05,0.00020048972,0.0059180648,1,0.0060000001,0.0060000001,0.5,0
1.0835536,-7.9167669e-05,0.00023390468,0.0069044091,1,0.0070000002,0.0070000002,0.5,0
1.0732669,-9.0477337e-05,0.00026731964,0.0078907534,1,0.0080000004,0.0080000004,0.5,0
1.0629802,-0.000101787,0.00030073457,0.0088770967,1,0.0089999996,0.0089999996,0.5,0
1.0526935,-0.00011309666,0.00033414953,0.009863441,1,0.0099999998,0.0099999998,0.5,0
1.0424068,-0.00012440633,0.00036756449,0.010849785,1,0.011,0.011,0.5,0
1.0321201,-0.000135716,0.00040097945,0.01183613,1,0.012,0.012,0.5,0
1.0218334,-0.00014702567,0.00043439441,0.012822474,1,0.013,0.013,0.5,0
1.0115467,-0.00015833534,0.00046780937,0.013808818,1,0.014,0.014,0.5,0
1.00126,-0.000169645,0.0005012243,0.014795162,1,0.015,0.015,0.5,0
0.99097325,-0.00018095467,0.00053463929,0.015781507,1,0.016000001,0.016000001,0.5,0
0.98068654,-0.00019226434,0.00056805425,0.016767851,1,0.017000001,0.017000001,0.5,0
0.97039984,-0.00020357399,0.00060146914,0.017754193,1,0.017999999,0.017999999,0.5,0
0.96011313,-0.00021488366,0.0006348841,0.018740538,1,0.018999999,0.018999999,0.5,0
0.94982642,-0.00022619333,0.00066829906,0.019726882,1,0.02,0.02,0.5,0
0.93953971,-0.000237503,0.00070171402,0.020713226,1,0.021,0.021,0.5,0
0.929253,-0.00024881266,0.00073512898,0.021699571,1,0.022,0.022,0.5,0
0.91896629,-0.00026012233,0.00076854394,0.022685915,1,0.023,0.023,0.5,0
0.93055142,-0.00028475768,0.0006334348,0.023891797,1,0.024,0.024,0.5,0
0.96766796,-0.00033064471,0.00022374626,0.02545292,1,0.025,0.025,0.5,0
1.0053429,-0.00037566596,-0.00018016284,0.026964542,1,0.026000001,0.026000001,0.5,0
1.0430178,-0.00042068722,-0.00058407194,0.028476164,1,0.027000001,0.027000001,0.5,0
1.0806928,-0.00046570848,-0.00098798105,0.029987786,1,0.028000001,0.028000001,0.5,0
1.1183676,-0.00051072965,-0.0013918894,0.031499406,1,0.028999999,0.028999999,0.5,0
1.1560426,-0.00055575091,-0.0017957985,0.033011028,1,0.029999999,0.029999999,0.5,0
1.1937175,-0.00060077217,-0.0021997076,0.03452265,1,0.030999999,0.030999999,0.5,0
1.2313925,-0.00064579351,-0.0026036175,0.036034275,1,0.032000002,0.032000002,0.5,0
1.2690674,-0.00069081468,-0.0030075258,0.037545894,1,0.033,0.033,0.5,0
1.3067424,-0.00073583603,-0.0034114357,0.039057519,1,0.034000002,0.034000002,0.5,0
1.3444172,-0.0007808572,-0.003815344,0.040569139,1,0.035,0.035,0.5,0
1.3820921,-0.00082587837,-0.0042192524,0.042080758,1,0.035999998,0.035999998,0.5,0
1.4197671,-0.00087089971,-0.0046231622,0.043592383,1,0.037,0.037,0.5,0
1.457442,-0.00091592089,-0.0050270706,0.045104002,1,0.037999999,0.037999999,0.5,0
1.495117,-0.00096094223,-0.0054309804,0.046615627,1,0.039000001,0.039000001,0.5,0
1.5327918,-0.0010059634,-0.0058348888,0.048127246,1,0.039999999,0.039999999,0.5,0
1.5704668,-0.0010509847,-0.0062387986,0.049638871,1,0.041000001,0.041000001,0.5,0
1.6081417,-0.0010960059,-0.006642707,0.051150491,1,0.041999999,0.041999999,0.5,0
1.6458167,-0.0011410273,-0.0070466168,0.052662116,1,0.043000001,0.043000001,0.5,0
1.6834916,-0.0011860484,-0.0074505252,0.054173735,1,0.044,0.044,0.5,0
1.7211666,-0.0012310698,-0.007854435,0.05568536,1,0.045000002,0.045000002,0.5,0
1.7588414,-0.0012760909,-0.0082583434,0.057196979,1,0.046,0.046,0.5,0
1.7965163,-0.0013211121,-0.0086622517,0.058708599,1,0.046999998,0.046999998,0.5,0
1.8341913,-0.0013661335,-0.0090661616,0.060220224,1,0.048,0.048,0.5,0
1.8718662,-0.0014111546,-0.00947007,0.061731843,1,0.048999999,0.048999999,0.5,0
1.9095412,-0.001456176,-0.0098739798,0.063243468,1,0.050000001,0.050000001,0.5,0
1.947216,-0.0015011972,-0.010277888,0.064755087,1,0.050999999,0.050999999,0.5,0
1.984891,-0.0015462185,-0.010681798,0.066266712,1,0.052000001,0.052000001,0.5,0
2.0225659,-0.0015912397,-0.011085706,0.067778332,1,0.052999999,0.052999999,0.5,0
2.0602409,-0.001636261,-0.011489616,0.069289957,1,0.054000001,0.054000001,0.5,0
2.0979158,-0.0016812822,-0.011893525,0.070801576,1,0.055,0.055,0.5,0
2.1374946,-0.0017282077,-0.012082424,0.072406868,1,0.056000002,0.056000002,0.5,0
2.1778532,-0.0017759132,-0.012183247,0.074050524,1,0.057,0.057,0.5,0
2.2182118,-0.0018236186,-0.012284071,0.075694179,1,0.057999998,0.057999998,0.5,0
2.2251233,-0.00189721,-0.01282366,0.077650481,1,0.059,0.059,0.5,0
2.2185454,-0.0019812409,-0.0135402,0.079732863,1,0.059999999,0.059999999,0.5,0
2.2119676,-0.0020652721,-0.014256743,0.081815252,1,0.061000001,0.061000001,0.5,0
2.1854172,-0.0021705169,-0.014841292,0.083601893,1,0.061999999,0.061999999,0.5,0
2.155265,-0.0022795875,-0.015402042,0.085335211,1,0.063000001,0.063000001,0.5,0
2.1251129,-0.0023886581,-0.015962793,0.087068528,1,0.064000003,0.064000003,0.5,0
2.0949611,-0.0024977279,-0.016523539,0.088801833,1,0.064999998,0.064999998,0.5,0
2.0648089,-0.0026067985,-0.017084289,0.090535151,1,0.066,0.066,0.5,0
2.0346568,-0.0027158691,-0.017645039,0.092268469,1,0.067000002,0.067000002,0.5,0
2.0045047,-0.0028249398,-0.018205789,0.094001786,1,0.068000004,0.068000004,0.5,0
1.9743528,-0.0029340096,-0.018766535,0.095735091,1,0.068999998,0.068999998,0.5,0
1.9442007,-0.0030430802,-0.019327285,0.097468409,1,0.07,0.07,0.5,0
1.9140486,-0.0031521508,-0.019888035,0.099201727,1,0.071000002,0.071000002,0.5,0
1.8838967,-0.0032612206,-0.020448781,0.10093503,1,0.071999997,0.071999997,0.5,0
1.8537446,-0.0033702912,-0.021009531,0.10266835,1,0.072999999,0.072999999,0.5,0
1.8235925,-0.0034793618,-0.021570282,0.10440167,1,0.074000001,0.074000001,0.5,0
1.7934404,-0.0035884324,-0.022131032,0.10613498,1,0.075000003,0.075000003,0.5,0
1.7632885,-0.0036975022,-0.022691778,0.10786829,1,0.075999998,0.075999998,0.5,0
1.7331364,-0.0038065729,-0.023252528,0.10960161,1,0.077,0.077,0.5,0
1.7029843,-0.0039156435,-0.023813278,0.11133492,1,0.078000002,0.078000002,0.5,0
1.6728322,-0.0040247141,-0.024374028,0.11306824,1,0.079000004,0.079000004,0.5,0
1.6426803,-0.0041337839,-0.024934774,0.11480155,1,0.079999998,0.079999998,0.5,0
1.6125282,-0.0042428545,-0.025495524,0.11653486,1,0.081,0.081,0.5,0
1.5823761,-0.0043519251,-0.026056274,0.11826818,1,0.082000002,0.082000002,0.5,0
1.5522242,-0.0044609949,-0.02661702,0.12000149,1,0.082999997,0.082999997,0.5,0
1.5220721,-0.0045700655,-0.02717777,0.12173481,1,0.083999999,0.083999999,0.5,0
1.49192,-0.0046791362,-0.027738521,0.12346812,1,0.085000001,0.085000001,0.5,0
1.4506105,-0.0048013353,-0.02817693,0.12461669,1,0.086000003,0.086000003,0.5,0
1.4059188,-0.0049275137,-0.028578247,0.12558796,1,0.086999997,0.086999997,0.5,0
1.3612268,-0.0050536931,-0.028979566,0.12655925,1,0.088,0.088,0.5,0
1.3165347,-0.0051798724,-0.029380886,0.12753053,1,0.089000002,0.089000002,0.5,0
1.2718427,-0.0053060517,-0.029782206,0.12850182,1,0.090000004,0.090000004,0.5,0
1.227151,-0.0054322301,-0.030183522,0.12947309,1,0.090999998,0.090999998,0.5,0
1.1824589,-0.0055584095,-0.030584842,0.13044438,1,0.092,0.092,0.5,0
1.1377669,-0.0056845888,-0.030986161,0.13141566,1,0.093000002,0.093000002,0.5,0
1.0930752,-0.0058107672,-0.031387478,0.13238694,1,0.093999997,0.093999997,0.5,0
1.0483831,-0.0059369465,-0.031788798,0.13335822,1,0.094999999,0.094999999,0.5,0
1.0036911,-0.0060631259,-0.032190117,0.13432951,1,0.096000001,0.096000001,0.5,0
0.96441919,-0.0061924515,-0.032587694,0.13532337,1,0.097000003,0.097000003,0.5,0
0.95612799,-0.0063397596,-0.03296387,0.13644627,1,0.097999997,0.097999997,0.5,0
0.94783672,-0.0064870688,-0.033340049,0.13756918,1,0.098999999,0.098999999,0.5,0
0.93954546,-0.006634378,-0.033716228,0.13869209,1,0.1,0.1,0.5,0
0.93125419,-0.0067816872,-0.034092408,0.139815,1,0.101,0.101,0.5,0
0.92296298,-0.0069289953,-0.034468584,0.1409379,1,0.102,0.102,0.5,0
0.91467172,-0.0070763045,-0.034844763,0.14206081,1,0.103,0.103,0.5,0
0.90638045,-0.0072236137,-0.035220942,0.14318372,1,0.104,0.104,0.5,0
0.89808924,-0.0073709218,-0.035597119,0.14430662,1,0.105,0.105,0.5,0
0.88979798,-0.007518231,-0.035973298,0.14542953,1,0.106,0.106,0.5,0
0.87989732,-0.007665867,-0.036397156,0.14648074,1,0.107,0.107,0.5,0
0.86213921,-0.0078150986,-0.037053798,0.14718188,1,0.108,0.108,0.5,0
0.84438123,-0.007964329,-0.037710434,0.14788301,1,0.109,0.109,0.5,0
0.82662312,-0.0081135606,-0.038367076,0.14858416,1,0.11,0.11,0.5,0
0.80886501,-0.0082627922,-0.039023718,0.1492853,1,0.111,0.111,0.5,0
0.7911069,-0.0084120237,-0.039680359,0.14998644,1,0.112,0.112,0.5,0
0.77334892,-0.0085612542,-0.040336996,0.15068757,1,0.113,0.113,0.5,0
0.75559081,-0.0087104857,-0.040993637,0.15138872,1,0.114,0.114,0.5,0
0.73783269,-0.0088597173,-0.041650279,0.15208986,1,0.115,0.115,0.5,0
0.72007471,-0.0090089477,-0.042306915,0.15279099,1,0.116,0.116,0.5,0
0.7023166,-0.0091581793,-0.042963557,0.15349213,1,0.117,0.117,0.5,0
0.68455849,-0.0093074108,-0.043620198,0.15419328,1,0.118,0.118,0.5,0
0.66680038,-0.0094566424,-0.04427684,0.15489442,1,0.119,0.119,0.5,0
0.6490424,-0.0096058728,-0.044933477,0.15559555,1,0.12,0.12,0.5,0
0.63128429,-0.0097551044,-0.045590118,0.15629669,1,0.121,0.121,0.5,0
0.61352618,-0.009904336,-0.04624676,0.15699784,1,0.122,0.122,0.5,0
0.59576806,-0.010053568,-0.046903401,0.15769898,1,0.123,0.123,0.5,0
0.57801008,-0.010202798,-0.047560038,0.15840011,1,0.124,0.124,0.5,0
0.56025197,-0.01035203,-0.048216679,0.15910125,1,0.125,0.125,0.5,0
0.53533881,-0.010511483,-0.048839349,0.15976186,1,0.126,0.126,0.5,0
0.50364751,-0.010680621,-0.049429838,0.16038407,1,0.127,0.127,0.5,0
0.47195621,-0.010849759,-0.050020326,0.16100628,1,0.12800001,0.12800001,0.5,0
0.44026538,-0.011018895,-0.050610805,0.16162848,1,0.12899999,0.12899999,0.5,0
0.40857407,-0.011188032,-0.051201294,0.16225069,1,0.13,0.13,0.5,0
0.39503458,-0.011358397,-0.051872699,0.16280715,1,0.131,0.131,0.5,0
0.39409775,-0.011529613,-0.052600284,0.16331796,1,0.132,0.132,0.5,0
0.39316091,-0.011700828,-0.053327869,0.16382877,1,0.133,0.133,0.5,0
0.39222407,-0.011872044,-0.054055454,0.16433958,1,0.134,0.134,0.5,0
0.39128724,-0.01204326,-0.054783039,0.16485039,1,0.13500001,0.13500001,0.5,0
0.3903504,-0.012214476,-0.055510624,0.1653612,1,0.13600001,0.13600001,0.5,0
0.38941358,-0.012385689,-0.056238199,0.165872,1,0.13699999,0.13699999,0.5,0
0.38847675,-0.012556905,-0.056965784,0.16638281,1,0.138,0.138,0.5,0
0.38753991,-0.01272812,-0.057693369,0.16689362,1,0.139,0.139,0.5,0
0.38660307,-0.012899336,-0.058420954,0.16740443,1,0.14,0.14,0.5,0
0.38566624,-0.013070552,-0.059148539,0.16791525,1,0.141,0.141,0.5,0
0.3847294,-0.013241768,-0.059876125,0.16842606,1,0.142,0.142,0.5,0
0.38379257,-0.013412984,-0.06060371,0.16893687,1,0.14300001,0.14300001,0.5,0
0.38285575,-0.013584197,-0.061331284,0.16944767,1,0.14399999,0.14399999,0.5,0
0.38191891,-0.013755413,-0.062058869,0.16995848,1,0.145,0.145,0.5,0
0.38391667,-0.013924353,-0.062794974,0.17046783,1,0.146,0.146,0.5,0
0.38617552,-0.01409309,-0.063531838,0.17097706,1,0.147,0.147,0.5,0
0.38843436,-0.014261828,-0.064268701,0.17148628,1,0.148,0.148,0.5,0
0.3906932,-0.014430565,-0.065005564,0.1719955,1,0.149,0.149,0.5,0
0.39295204,-0.014599303,-0.065742428,0.17250473,1,0.15000001,0.15000001,0.5,0
0.39521085,-0.014768038,-0.06647928,0.17301394,1,0.15099999,0.15099999,0.5,0
0.39746969,-0.014936775,-0.067216143,0.17352317,1,0.152,0.152,0.5,0
0.39972854,-0.015105513,-0.067953006,0.17403239,1,0.153,0.153,0.5,0
0.40198738,-0.01527425,-0.06868987,0.17454162,1,0.154,0.154,0.5,0
0.40424622,-0.015442988,-0.069426733,0.17505084,1,0.155,0.155,0.5,0
0.40650506,-0.015611725,-0.070163596,0.17556006,1,0.156,0.156,0.5,0
0.4087639,-0.015780463,-0.070900459,0.17606929,1,0.15700001,0.15700001,0.5,0
0.41102275,-0.0159492,-0.071637323,0.17657851,1,0.15800001,0.15800001,0.5,0
0.41580997,-0.016112273,-0.072100647,0.17717781,1,0.15899999,0.15899999,0.5,0
0.4212592,-0.016273867,-0.07249237,0.17780071,1,0.16,0.16,0.5,0
0.42670843,-0.01643546,-0.072884093,0.1784236,1,0.161,0.161,0.5,0
0.39975415,-0.016608308,-0.073633773,0.17869064,1,0.162,0.162,0.5,0
0.36946353,-0.016782315,-0.07442031,0.17892104,1,0.163,0.163,0.5,0
0.33917291,-0.016956322,-0.075206846,0.17915144,1,0.164,0.164,0.5,0
0.30888229,-0.017130328,-0.075993383,0.17938184,1,0.16500001,0.16500001,0.5,0
0.28739373,-0.017309918,-0.076712691,0.17960956,1,0.16599999,0.16599999,0.5,0
0.27655793,-0.01749627,-0.077350655,0.17983404,1,0.167,0.167,0.5,0
0.26572212,-0.017682622,-0.077988619,0.18005851,1,0.168,0.168,0.5,0
0.25488632,-0.017868974,-0.078626583,0.18028299,1,0.169,0.169,0.5,0
0.24405051,-0.018055325,-0.079264547,0.18050747,1,0.17,0.17,0.5,0
0.23321471,-0.018241677,-0.07990251,0.18073195,1,0.171,0.171,0.5,0
0.2223789,-0.018428029,-0.080540474,0.18095642,1,0.17200001,0.17200001,0.5,0
0.21154326,-0.018614379,-0.081178428,0.1811809,1,0.17299999,0.17299999,0.5,0
0.20070745,-0.018800731,-0.081816392,0.18140538,1,0.17399999,0.17399999,0.5,0
0.18987164,-0.018987083,-0.082454356,0.18162985,1,0.175,0.175,0.5,0
0.17903584,-0.019173435,-0.08309232,0.18185433,1,0.176,0.176,0.5,0
0.16820003,-0.019359787,-0.083730284,0.18207881,1,0.177,0.177,0.5,0
0.15736423,-0.019546139,-0.084368247,0.18230329,1,0.178,0.178,0.5,0
0.14652842,-0.019732491,-0.085006211,0.18252777,1,0.17900001,0.17900001,0.5,0
0.13569262,-0.019918843,-0.085644175,0.18275224,1,0.18000001,0.18000001,0.5,0
0.12485697,-0.020105192,-0.086282129,0.18297672,1,0.18099999,0.18099999,0.5,0
0.11402117,-0.020291544,-0.086920093,0.1832012,1,0.182,0.182,0.5,0
0.10318536,-0.020477896,-0.087558057,0.18342567,1,0.183,0.183,0.5,0
0.092349557,-0.020664248,-0.088196021,0.18365015,1,0.184,0.184,0.5,0
0.081513751,-0.0208506,-0.088833984,0.18387463,1,0.185,0.185,0.5,0
0.070677946,-0.021036952,-0.089471948,0.18409911,1,0.186,0.186,0.5,0
0.05984214,-0.021223304,-0.090109912,0.18432359,1,0.18700001,0.18700001,0.5,0
0.049006496,-0.021409653,-0.090747866,0.18454806,1,0.18799999,0.18799999,0.5,0
0.038170691,-0.021596005,-0.09138583,0.18477254,1,0.189,0.189,0.5,0
0.027334886,-0.021782357,-0.092023794,0.18499702,1,0.19,0.19,0.5,0
0.01649908,-0.021968709,-0.092661758,0.18522149,1,0.191,0.191,0.5,0
0.0056632746,-0.022155061,-0.093299721,0.18544597,1,0.192,0.192,0.5,0
0.0094717796,-0.022337762,-0.093890232,0.18530108,1,0.193,0.193,0.5,0
0.013812111,-0.022520331,-0.094479018,0.18514278,1,0.19400001,0.19400001,0.5,0
0.018152378,-0.022702897,-0.095067796,0.18498447,1,0.19499999,0.19499999,0.5,0
0.022492709,-0.022885465,-0.095656583,0.18482617,1,0.19599999,0.19599999,0.5,0
0.026833041,-0.023068034,-0.09624537,0.18466786,1,0.197,0.197,0.5,0
0.031173372,-0.023250603,-0.096834157,0.18450956,1,0.198,0.198,0.5,0
0.035513704,-0.023433171,-0.097422943,0.18435125,1,0.199,0.199,0.5,0
0.039854035,-0.02361574,-0.09801173,0.18419295,1,0.2,0.2,0.5,0
0.044194367,-0.023798309,-0.098600517,0.18403464,1,0.20100001,0.20100001,0.5,0
0.048534698,-0.023980878,-0.099189304,0.18387633,1,0.20200001,0.20200001,0.5,0
0.052874965,-0.024163444,-0.099778081,0.18371803,1,0.20299999,0.20299999,0.5,0
0.057215296,-0.024346012,-0.10036687,0.18355973,1,0.204,0.204,0.5,0
0.061555628,-0.024528581,-0.10095565,0.18340142,1,0.205,0.205,0.5,0
0.065895959,-0.02471115,-0.10154444,0.18324311,1,0.206,0.206,0.5,0
0.070236291,-0.024893718,-0.10213323,0.18308481,1,0.207,0.207,0.5,0
0.074576622,-0.025076287,-0.10272202,0.1829265,1,0.208,0.208,0.5,0
0.078916953,-0.025258856,-0.1033108,0.1827682,1,0.20900001,0.20900001,0.5,0
0.08325722,-0.025441422,-0.10389958,0.1826099,1,0.20999999,0.20999999,0.5,0
0.087597552,-0.02562399,-0.10448837,0.18245159,1,0.211,0.211,0.5,0
0.091937883,-0.025806559,-0.10507715,0.18229328,1,0.212,0.212,0.5,0
0.096278215,-0.025989128,-0.10566594,0.18213498,1,0.213,0.213,0.5,0
0.10061855,-0.026171696,-0.10625473,0.18197667,1,0.214,0.214,0.5,0
0.10495888,-0.026354265,-0.10684351,0.18181837,1,0.215,0.215,0.5,0
0.10929921,-0.026536834,-0.1074323,0.18166006,1,0.21600001,0.21600001,0.5,0
0.11363948,-0.0267194,-0.10802108,0.18150176,1,0.21699999,0.21699999,0.5,0
0.11797981,-0.026901968,-0.10860987,0.18134345,1,0.21799999,0.21799999,0.5,0
0.12232014,-0.027084537,-0.10919865,0.18118515,1,0.219,0.219,0.5,0
0.12522935,-0.027267613,-0.10982902,0.1811356,1,0.22,0.22,0.5,0
0.12522767,-0.027451721,-0.11054398,0.18130727,1,0.221,0.221,0.5,0
0.12522599,-0.027635829,-0.11125893,0.18147894,1,0.222,0.222,0.5,0
0.12522431,-0.027819937,-0.11197388,0.18165061,1,0.223,0.223,0.5,0
0.12522263,-0.028004046,-0.11268883,0.18182227,1,0.22400001,0.22400001,0.5,0
0.12522095,-0.028188151,-0.11340378,0.18199394,1,0.22499999,0.22499999,0.5,0
0.12521926,-0.028372259,-0.11411873,0.18216561,1,0.226,0.226,0.5,0
0.12521758,-0.028556367,-0.11483368,0.18233728,1,0.227,0.227,0.5,0
0.1252159,-0.028740475,-0.11554863,0.18250894,1,0.228,0.228,0.5,0
0.12521422,-0.028924583,-0.11626359,0.18268061,1,0.229,0.229,0.5,0
0.12521254,-0.029108691,-0.11697854,0.18285228,1,0.23,0.23,0.5,0
0.12521086,-0.029292799,-0.11769349,0.18302395,1,0.23100001,0.23100001,0.5,0
0.12520918,-0.029476905,-0.11840843,0.18319562,1,0.23199999,0.23199999,0.5,0
0.1252075,-0.029661013,-0.11912339,0.18336728,1,0.233,0.233,0.5,0
0.12520582,-0.029845121,-0.11983834,0.18353895,1,0.234,0.234,0.5,0
0.12520414,-0.030029229,-0.12055329,0.18371062,1,0.235,0.235,0.5,0
0.12520246,-0.030213337,-0.12126825,0.18388229,1,0.236,0.236,0.5,0
0.12520078,-0.030397445,-0.1219832,0.18405396,1,0.237,0.237,0.5,0
0.1251991,-0.030581553,-0.12269815,0.18422562,1,0.23800001,0.23800001,0.5,0
0.12519741,-0.030765658,-0.12341309,0.18439729,1,0.23899999,0.23899999,0.5,0
0.12046431,-0.030947766,-0.12413792,0.18439256,1,0.23999999,0.23999999,0.5,0
0.10381876,-0.031124838,-0.1248876,0.18394371,1,0.241,0.241,0.5,0
0.087173207,-0.03130191,-0.12563728,0.18349486,1,0.242,0.242,0.5,0
0.070527655,-0.031478982,-0.12638696,0.18304601,1,0.243,0.243,0.5,0
0.053882103,-0.031656054,-0.12713664,0.18259716,1,0.244,0.244,0.5,0
0.037236551,-0.031833126,-0.12788632,0.18214831,1,0.245,0.245,0.5,0
0.020590999,-0.032010198,-0.128636,0.18169946,1,0.24600001,0.24600001,0.5,0
0.0039456951,-0.032187268,-0.12938567,0.18125062,1,0.24699999,0.24699999,0.5,0
-0.012699857,-0.03236434,-0.13013534,0.18080177,1,0.248,0.248,0.5,0
-0.029345409,-0.032541412,-0.13088502,0.18035292,1,0.249,0.249,0.5,0
-0.045990961,-0.032718484,-0.1316347,0.17990407,1,0.25,0.25,0.5,0
-0.062636265,-0.032895553,-0.13238437,0.17945523,1,0.25099999,0.25099999,0.5,0
-0.079282065,-0.033072628,-0.13313406,0.17900637,1,0.252,0.252,0.5,0
-0.095927369,-0.033249697,-0.13388373,0.17855753,1,0.25299999,0.25299999,0.5,0
-0.11257317,-0.033426772,-0.13463342,0.17810868,1,0.25400001,0.25400001,0.5,0
-0.12921847,-0.033603841,-0.13538309,0.17765983,1,0.255,0.255,0.5,0
-0.14586427,-0.033780916,-0.13613278,0.17721098,1,0.25600001,0.25600001,0.5,0
-0.16330544,-0.033959876,-0.13691827,0.17677251,1,0.257,0.257,0.5,0
-0.18165107,-0.034140984,-0.13774445,0.17634584,1,0.25799999,0.25799999,0.5,0
-0.19999725,-0.034322098,-0.13857066,0.17591915,1,0.259,0.259,0.5,0
-0.21834288,-0.034503207,-0.13939684,0.17549247,1,0.25999999,0.25999999,0.5,0
-0.23668905,-0.034684321,-0.14022305,0.17506578,1,0.26100001,0.26100001,0.5,0
-0.25503468,-0.034865429,-0.14104923,0.17463911,1,0.26199999,0.26199999,0.5,0
-0.27338086,-0.035046543,-0.14187544,0.17421242,1,0.26300001,0.26300001,0.5,0
-0.29172648,-0.035227652,-0.14270162,0.17378575,1,0.264,0.264,0.5,0
-0.31040028,-0.035417898,-0.14333561,0.17323011,1,0.26499999,0.26499999,0.5,0
-0.32915827,-0.03561048,-0.14392063,0.17264158,1,0.266,0.266,0.5,0
-0.32252461,-0.035781576,-0.14455574,0.17221009,1,0.26699999,0.26699999,0.5,0
-0.31466401,-0.035951639,-0.14519329,0.17178618,1,0.26800001,0.26800001,0.5,0
-0.30680365,-0.036121697,-0.14583081,0.17136227,1,0.26899999,0.26899999,0.5,0
-0.29904056,-0.036291657,-0.14646489,0.17094324,1,0.27000001,0.27000001,0.5,0
-0.29253662,-0.036460288,-0.14705413,0.17058733,1,0.271,0.271,0.5,0
-0.28603248,-0.036628925,-0.14764339,0.17023141,1,0.27200001,0.27200001,0.5,0
-0.27952854,-0.036797556,-0.14823263,0.1698755,1,0.273,0.273,0.5,0
-0.2730246,-0.036966187,-0.14882187,0.16951958,1,0.27399999,0.27399999,0.5,0
-0.26652046,-0.037134823,-0.14941113,0.16916366,1,0.27500001,0.27500001,0.5,0
-0.26001652,-0.037303454,-0.15000037,0.16880775,1,0.27599999,0.27599999,0.5,0
-0.25351239,-0.03747209,-0.15058962,0.16845183,1,0.27700001,0.27700001,0.5,0
-0.24700845,-0.037640721,-0.15117886,0.16809592,1,0.278,0.278,0.5,0
-0.24050431,-0.037809357,-0.15176812,0.16773999,1,0.27900001,0.27900001,0.5,0
-0.23400037,-0.037977988,-0.15235736,0.16738408,1,0.28,0.28,0.5,0
-0.22749643,-0.038146619,-0.1529466,0.16702817,1,0.28099999,0.28099999,0.5,0
-0.22099229,-0.038315255,-0.15353586,0.16667225,1,0.28200001,0.28200001,0.5,0
-0.21448835,-0.038483886,-0.1541251,0.16631634,1,0.28299999,0.28299999,0.5,0
-0.20798422,-0.038652522,-0.15471436,0.16596042,1,0.28400001,0.28400001,0.5,0
-0.20148028,-0.038821153,-0.1553036,0.1656045,1,0.285,0.285,0.5,0
-0.19497614,-0.03898979,-0.15589285,0.16524858,1,0.28600001,0.28600001,0.5,0
-0.1884722,-0.039158421,-0.15648209,0.16489267,1,0.287,0.287,0.5,0
-0.18196826,-0.039327052,-0.15707133,0.16453676,1,0.28799999,0.28799999,0.5,0
-0.17546412,-0.039495688,-0.15766059,0.16418084,1,0.289,0.289,0.5,0
-0.16896018,-0.039664319,-0.15824983,0.16382492,1,0.28999999,0.28999999,0.5,0
-0.16245605,-0.039832955,-0.15883909,0.163469,1,0.29100001,0.29100001,0.5,0
-0.16178445,-0.039997393,-0.15941325,0.16302216,1,0.292,0.292,0.5,0
-0.17594432,-0.040151172,-0.15994907,0.16234406,1,0.29300001,0.29300001,0.5,0
-0.19010377,-0.040304946,-0.16048488,0.16166598,1,0.294,0.294,0.5,0
-0.20426322,-0.04045872,-0.16102068,0.1609879,1,0.29499999,0.29499999,0.5,0
-0.21842309,-0.040612499,-0.1615565,0.1603098,1,0.296,0.296,0.5,0
-0.23258254,-0.040766274,-0.16209231,0.15963172,1,0.29699999,0.29699999,0.5,0
-0.24674241,-0.040920053,-0.16262813,0.15895362,1,0.29800001,0.29800001,0.5,0
-0.26090186,-0.041073827,-0.16316394,0.15827555,1,0.29899999,0.29899999,0.5,0
-0.27506174,-0.041227606,-0.16369976,0.15759745,1,0.30000001,0.30000001,0.5,0
-0.28922119,-0.04138138,-0.16423556,0.15691937,1,0.301,0.301,0.5,0
-0.30338064,-0.041535155,-0.16477137,0.15624129,1,0.30199999,0.30199999,0.5,0
-0.31754051,-0.041688934,-0.16530719,0.15556319,1,0.303,0.303,0.5,0
-0.33169996,-0.041842708,-0.165843,0.15488511,1,0.30399999,0.30399999,0.5,0
-0.34585983,-0.041996487,-0.16637882,0.15420701,1,0.30500001,0.30500001,0.5,0
-0.36001928,-0.042150261,-0.16691462,0.15352893,1,0.30599999,0.30599999,0.5,0
-0.37417915,-0.04230404,-0.16745045,0.15285084,1,0.30700001,0.30700001,0.5,0
-0.38833861,-0.042457815,-0.16798625,0.15217276,1,0.308,0.308,0.5,0
-0.40249806,-0.042611589,-0.16852206,0.15149468,1,0.30899999,0.30899999,0.5,0
-0.41665793,-0.042765368,-0.16905788,0.15081658,1,0.31,0.31,0.5,0
-0.43081738,-0.042919142,-0.16959369,0.1501385,1,0.31099999,0.31099999,0.5,0
-0.44394444,-0.043079337,-0.17013646,0.1495075,1,0.31200001,0.31200001,0.5,0
-0.45651194,-0.043243,-0.17068298,0.14890202,1,0.31299999,0.31299999,0.5,0
-0.46907982,-0.043406668,-0.17122952,0.14829651,1,0.31400001,0.31400001,0.5,0
-0.46697302,-0.043558654,-0.17183796,0.14759288,1,0.315,0.315,0.5,0
-0.46029663,-0.043707009,-0.1724657,0.14685866,1,0.31600001,0.31600001,0.5,0
-0.44964981,-0.043851524,-0.17303784,0.14621665,1,0.317,0.317,0.5,0
-0.43630557,-0.043993434,-0.17357222,0.14563726,1,0.31799999,0.31799999,0.5,0
-0.42296094,-0.044135349,-0.17410661,0.14505785,1,0.31900001,0.31900001,0.5,0
-0.40961671,-0.044277259,-0.17464099,0.14447846,1,0.31999999,0.31999999,0.5,0
-0.39627208,-0.044419174,-0.17517539,0.14389905,1,0.32100001,0.32100001,0.5,0
-0.38292784,-0.044561084,-0.17570977,0.14331966,1,0.322,0.322,0.5,0
-0.36958321,-0.044702999,-0.17624416,0.14274025,1,0.32300001,0.32300001,0.5,0
-0.35623898,-0.044844909,-0.17677854,0.14216086,1,0.324,0.324,0.5,0
-0.34289474,-0.044986819,-0.17731292,0.14158147,1,0.32499999,0.32499999,0.5,0
-0.32955011,-0.045128734,-0.17784732,0.14100206,1,0.32600001,0.32600001,0.5,0
-0.31620588,-0.045270644,-0.1783817,0.14042267,1,0.32699999,0.32699999,0.5,0
-0.30286124,-0.045412559,-0.1789161,0.13984326,1,0.32800001,0.32800001,0.5,0
-0.28951701,-0.045554469,-0.17945048,0.13926387,1,0.329,0.329,0.5,0
-0.27617238,-0.045696383,-0.17998487,0.13868446,1,0.33000001,0.33000001,0.5,0
-0.26282814,-0.045838294,-0.18051925,0.13810507,1,0.331,0.331,0.5,0
-0.24948391,-0.045980204,-0.18105363,0.13752568,1,0.33199999,0.33199999,0.5,0
-0.23613928,-0.046122119,-0.18158803,0.13694627,1,0.333,0.333,0.5,0
-0.22279504,-0.046264029,-0.18212241,0.13636688,1,0.33399999,0.33399999,0.5,0
-0.20945041,-0.046405944,-0.18265681,0.13578747,1,0.33500001,0.33500001,0.5,0
-0.19862147,-0.046546003,-0.18318417,0.13519942,1,0.336,0.336,0.5,0
-0.20456533,-0.046673723,-0.18366473,0.13455357,1,0.33700001,0.33700001,0.5,0
-0.21050902,-0.04680144,-0.18414528,0.13390774,1,0.338,0.338,0.5,0
-0.2164527,-0.046929156,-0.18462583,0.1332619,1,0.33899999,0.33899999,0.5,0
-0.22239657,-0.047056877,-0.18510639,0.13261605,1,0.34,0.34,0.5,0
-0.22834025,-0.047184593,-0.18558694,0.13197022,1,0.34099999,0.34099999,0.5,0
-0.23428412,-0.047312314,-0.1860675,0.13132437,1,0.34200001,0.34200001,0.5,0
-0.2402278,-0.04744003,-0.18654805,0.13067854,1,0.34299999,0.34299999,0.5,0
-0.24617166,-0.047567751,-0.18702861,0.13003269,1,0.34400001,0.34400001,0.5,0
-0.25211535,-0.047695467,-0.18750916,0.12938686,1,0.345,0.345,0.5,0
-0.25805904,-0.047823184,-0.18798971,0.12874103,1,0.34599999,0.34599999,0.5,0
-0.2640029,-0.047950904,-0.18847027,0.12809518,1,0.347,0.347,0.5,0
-0.26994659,-0.048078621,-0.18895082,0.12744934,1,0.34799999,0.34799999,0.5,0
-0.27589045,-0.048206341,-0.18943138,0.12680349,1,0.34900001,0.34900001,0.5,0
-0.28183413,-0.048334058,-0.18991193,0.12615766,1,0.34999999,0.34999999,0.5,0
-0.287778,-0.048461778,-0.19039249,0.12551181,1,0.35100001,0.35100001,0.5,0
-0.29372168,-0.048589495,-0.19087304,0.12486598,1,0.352,0.352,0.5,0
-0.29966537,-0.048717211,-0.19135359,0.12422015,1,0.35299999,0.35299999,0.5,0
-0.30560923,-0.048844932,-0.19183415,0.1235743,1,0.354,0.354,0.5,0
-0.31155292,-0.048972648,-0.1923147,0.12292847,1,0.35499999,0.35499999,0.5,0
-0.31749678,-0.049100369,-0.19279526,0.12228262,1,0.35600001,0.35600001,0.5,0
-0.32344047,-0.049228085,-0.19327581,0.12163678,1,0.35699999,0.35699999,0.5,0
-0.32415673,-0.04935322,-0.1937157,0.12101949,1,0.35800001,0.35800001,0.5,0
-0.32990763,-0.049466469,-0.19406653,0.12034432,1,0.359,0.359,0.5,0
-0.33461046,-0.049577057,-0.19430565,0.11957677,1,0.36000001,0.36000001,0.5,0
-0.33655441,-0.049690278,-0.19451016,0.11877864,1,0.361,0.361,0.5,0
-0.33849836,-0.049803499,-0.19471466,0.11798051,1,0.36199999,0.36199999,0.5,0
-0.34044236,-0.049916723,-0.19491918,0.11718236,1,0.36300001,0.36300001,0.5,0
-0.34238631,-0.050029944,-0.19512368,0.11638423,1,0.36399999,0.36399999,0.5,0
-0.34433032,-0.050143168,-0.19532819,0.11558608,1,0.36500001,0.36500001,0.5,0
-0.34627426,-0.050256389,-0.1955327,0.11478796,1,0.366,0.366,0.5,0
-0.34821827,-0.050369614,-0.19573721,0.11398981,1,0.36700001,0.36700001,0.5,0
-0.35016221,-0.050482835,-0.19594172,0.11319168,1,0.368,0.368,0.5,0
-0.35210616,-0.050596056,-0.19614622,0.11239355,1,0.36899999,0.36899999,0.5,0
-0.35405017,-0.05070928,-0.19635073,0.1115954,1,0.37,0.37,0.5,0
-0.35599411,-0.050822501,-0.19655524,0.11079727,1,0.37099999,0.37099999,0.5,0
-0.35793812,-0.050935726,-0.19675975,0.10999912,1,0.37200001,0.37200001,0.5,0
-0.35988207,-0.051048947,-0.19696426,0.109201,1,0.373,0.373,0.5,0
-0.36182607,-0.051162171,-0.19716877,0.10840285,1,0.37400001,0.37400001,0.5,0
-0.36377002,-0.051275392,-0.19737328,0.10760472,1,0.375,0.375,0.5,0
-0.36571396,-0.051388613,-0.19757778,0.10680659,1,0.37599999,0.37599999,0.5,0
-0.36765797,-0.051501837,-0.19778229,0.10600844,1,0.377,0.377,0.5,0
-0.36960192,-0.051615058,-0.1979868,0.10521031,1,0.37799999,0.37799999,0.5,0
-0.37154592,-0.051728283,-0.19819131,0.10441216,1,0.37900001,0.37900001,0.5,0
-0.37348987,-0.051841504,-0.19839582,0.10361404,1,0.38,0.38,0.5,0
-0.37543387,-0.051954728,-0.19860033,0.10281589,1,0.38100001,0.38100001,0.5,0
-0.37716373,-0.052062277,-0.19883662,0.10206077,1,0.382,0.382,0.5,0
-0.37830132,-0.052154137,-0.19916085,0.10142464,1,0.38299999,0.38299999,0.5,0
-0.37943895,-0.052245998,-0.19948508,0.1007885,1,0.384,0.384,0.5,0
-0.38057655,-0.052337857,-0.1998093,0.10015237,1,0.38499999,0.38499999,0.5,0
-0.38171418,-0.052429719,-0.20013354,0.09951622,1,0.38600001,0.38600001,0.5,0
-0.38285178,-0.052521578,-0.20045776,0.098880092,1,0.38699999,0.38699999,0.5,0
-0.38398941,-0.05261344,-0.20078199,0.098243945,1,0.38800001,0.38800001,0.5,0
-0.385127,-0.052705299,-0.20110622,0.097607817,1,0.389,0.389,0.5,0
-0.3862646,-0.052797158,-0.20143044,0.096971688,1,0.38999999,0.38999999,0.5,0
-0.38740223,-0.05288902,-0.20175467,0.096335541,1,0.391,0.391,0.5,0
-0.38853983,-0.052980879,-0.2020789,0.095699413,1,0.39199999,0.39199999,0.5,0
-0.38967746,-0.053072741,-0.20240313,0.095063266,1,0.39300001,0.39300001,0.5,0
-0.39081505,-0.0531646,-0.20272736,0.094427138,1,0.39399999,0.39399999,0.5,0
-0.39195268,-0.053256462,-0.20305159,0.09379099,1,0.39500001,0.39500001,0.5,0
-0.39309028,-0.053348321,-0.20337581,0.093154862,1,0.396,0.396,0.5,0
-0.39422791,-0.053440183,-0.20370005,0.092518715,1,0.39700001,0.39700001,0.5,0
-0.39536551,-0.053532042,-0.20402427,0.091882587,1,0.398,0.398,0.5,0
-0.3965031,-0.053623901,-0.20434849,0.091246459,1,0.39899999,0.39899999,0.5,0
-0.39764073,-0.053715763,-0.20467273,0.090610311,1,0.40000001,0.40000001,0.5,0
-0.39877833,-0.053807622,-0.20499695,0.089974183,1,0.40099999,0.40099999,0.5,0
-0.39991596,-0.053899484,-0.20532118,0.089338036,1,0.40200001,0.40200001,0.5,0
-0.40105356,-0.053991343,-0.20564541,0.088701908,1,0.403,0.403,0.5,0
-0.40219119,-0.054083205,-0.20596964,0.088065761,1,0.40400001,0.40400001,0.5,0
-0.40332878,-0.054175064,-0.20629387,0.087429632,1,0.405,0.405,0.5,0
-0.40449056,-0.054267185,-0.20661349,0.086790528,1,0.40599999,0.40599999,0.5,0
-0.40619855,-0.054365226,-0.20682932,0.086084186,1,0.40700001,0.40700001,0.5,0
-0.40790649,-0.054463265,-0.20704515,0.085377866,1,0.40799999,0.40799999,0.5,0
-0.41047502,-0.054549291,-0.20722688,0.084668201,1,0.40900001,0.40900001,0.5,0
-0.41339282,-0.05463079,-0.20739419,0.083956656,1,0.41,0.41,0.5,0
-0.4174258,-0.054708248,-0.20749865,0.083222717,1,0.41100001,0.41100001,0.5,0
-0.42145867,-0.054785704,-0.20760311,0.082488801,1,0.412,0.412,0.5,0
-0.42549153,-0.05486316,-0.20770757,0.081754885,1,0.41299999,0.41299999,0.5,0
-0.42952451,-0.054940619,-0.20781203,0.081020946,1,0.414,0.414,0.5,0
-0.43355738,-0.055018075,-0.20791649,0.08028703,1,0.41499999,0.41499999,0.5,0
-0.43759036,-0.055095533,-0.20802095,0.079553092,1,0.41600001,0.41600001,0.5,0
-0.44162322,-0.055172989,-0.20812541,0.078819175,1,0.417,0.417,0.5,0
-0.44565621,-0.055250447,-0.20822987,0.078085237,1,0.41800001,0.41800001,0.5,0
-0.44968907,-0.055327904,-0.20833433,0.077351321,1,0.419,0.419,0.5,0
-0.45372193,-0.05540536,-0.20843879,0.076617404,1,0.41999999,0.41999999,0.5,0
-0.45775492,-0.055482818,-0.20854325,0.075883466,1,0.421,0.421,0.5,0
-0.46178778,-0.055560274,-0.20864771,0.075149549,1,0.42199999,0.42199999,0.5,0
-0.46582076,-0.055637732,-0.20875217,0.074415611,1,0.42300001,0.42300001,0.5,0
-0.46985363,-0.055715189,-0.20885663,0.073681695,1,0.42399999,0.42399999,0.5,0
-0.47388661,-0.055792647,-0.20896109,0.072947756,1,0.42500001,0.42500001,0.5,0
-0.47791947,-0.055870103,-0.20906555,0.07221384,1,0.426,0.426,0.5,0
-0.48195234,-0.055947559,-0.20917001,0.071479924,1,0.42699999,0.42699999,0.5,0
-0.48598532,-0.056025017,-0.20927447,0.070745985,1,0.428,0.428,0.5,0
-0.49001818,-0.056102474,-0.20937893,0.070012069,1,0.42899999,0.42899999,0.5,0
-0.49405117,-0.056179932,-0.20948339,0.069278131,1,0.43000001,0.43000001,0.5,0
-0.49748118,-0.056249034,-0.20963908,0.068550585,1,0.43099999,0.43099999,0.5,0
-0.500244,-0.056308891,-0.20985149,0.06783007,1,0.43200001,0.43200001,0.5,0
-0.50300674,-0.056368747,-0.21006389,0.067109576,1,0.433,0.433,0.5,0
-0.50576948,-0.056428602,-0.21027629,0.066389082,1,0.43399999,0.43399999,0.5,0
-0.5085323,-0.056488459,-0.2104887,0.065668566,1,0.435,0.435,0.5,0
-0.51129503,-0.056548315,-0.2107011,0.064948072,1,0.43599999,0.43599999,0.5,0
-0.51405785,-0.056608172,-0.2109135,0.064227557,1,0.43700001,0.43700001,0.5,0
-0.51682059,-0.056668027,-0.2111259,0.063507063,1,0.43799999,0.43799999,0.5,0
-0.51958341,-0.056727885,-0.21133831,0.062786547,1,0.43900001,0.43900001,0.5,0
-0.52234615,-0.05678774,-0.21155071,0.062066053,1,0.44,0.44,0.5,0
-0.52510897,-0.056847597,-0.21176312,0.061345538,1,0.44100001,0.44100001,0.5,0
-0.52787171,-0.056907453,-0.21197552,0.060625044,1,0.442,0.442,0.5,0
-0.53063445,-0.056967308,-0.21218792,0.05990455,1,0.44299999,0.44299999,0.5,0
-0.53339727,-0.057027166,-0.21240033,0.059184035,1,0.44400001,0.44400001,0.5,0
-0.53616001,-0.057087021,-0.21261273,0.058463541,1,0.44499999,0.44499999,0.5,0
-0.53892283,-0.057146878,-0.21282513,0.057743025,1,0.44600001,0.44600001,0.5,0
-0.54168557,-0.057206734,-0.21303753,0.057022531,1,0.447,0.447,0.5,0
-0.54444839,-0.057266591,-0.21324994,0.056302016,1,0.44800001,0.44800001,0.5,0
-0.54721112,-0.057326446,-0.21346234,0.055581522,1,0.449,0.449,0.5,0
-0.54997386,-0.057386302,-0.21367474,0.054861028,1,0.44999999,0.44999999,0.5,0
-0.55273668,-0.057446159,-0.21388715,0.054140512,1,0.45100001,0.45100001,0.5,0
-0.55549942,-0.057506014,-0.21409955,0.053420019,1,0.45199999,0.45199999,0.5,0
-0.55826224,-0.057565872,-0.21431196,0.052699503,1,0.45300001,0.45300001,0.5,0
-0.56102498,-0.057625727,-0.21452436,0.051979009,1,0.454,0.454,0.5,0
-0.56158992,-0.05768453,-0.21470349,0.05124907,1,0.45500001,0.45500001,0.5,0
-0.56740538,-0.057732747,-0.21485584,0.050480086,1,0.456,0.456,0.5,0
-0.58070766,-0.057770038,-0.21494142,0.049628813,1,0.45699999,0.45699999,0.5,0
-0.59604666,-0.057810458,-0.21494616,0.048700748,1,0.458,0.458,0.5,0
-0.61138521,-0.057850876,-0.21495089,0.047772712,1,0.45899999,0.45899999,0.5,0
-0.62672421,-0.057891296,-0.21495563,0.046844647,1,0.46000001,0.46000001,0.5,0
-0.64206276,-0.057931715,-0.21496036,0.04591661,1,0.461,0.461,0.5,0
-0.65740176,-0.057972135,-0.2149651,0.044988546,1,0.46200001,0.46200001,0.5,0
-0.67274031,-0.058012553,-0.21496983,0.044060509,1,0.463,0.463,0.5,0
-0.68807885,-0.058052972,-0.21497457,0.043132472,1,0.46399999,0.46399999,0.5,0
-0.70341785,-0.058093392,-0.21497931,0.042204407,1,0.465,0.465,0.5,0
-0.7187564,-0.05813381,-0.21498404,0.041276371,1,0.46599999,0.46599999,0.5,0
-0.7340954,-0.05817423,-0.21498878,0.040348306,1,0.46700001,0.46700001,0.5,0
-0.74943395,-0.058214649,-0.21499351,0.039420269,1,0.46799999,0.46799999,0.5,0
-0.76477295,-0.058255068,-0.21499825,0.038492205,1,0.46900001,0.46900001,0.5,0
-0.7801115,-0.058295487,-0.21500298,0.037564168,1,0.47,0.47,0.5,0
-0.79545004,-0.058335906,-0.21500772,0.036636131,1,0.47099999,0.47099999,0.5,0
-0.81078904,-0.058376325,-0.21501246,0.035708066,1,0.472,0.472,0.5,0
-0.82612759,-0.058416744,-0.21501719,0.034780029,1,0.47299999,0.47299999,0.5,0
-0.84146659,-0.058457164,-0.21502193,0.033851965,1,0.47400001,0.47400001,0.5,0
-0.85680514,-0.058497582,-0.21502666,0.032923928,1,0.47499999,0.47499999,0.5,0
-0.87214414,-0.058538002,-0.2150314,0.031995864,1,0.47600001,0.47600001,0.5,0
-0.88748269,-0.058578421,-0.21503614,0.031067827,1,0.477,0.477,0.5,0
-0.90282123,-0.058618839,-0.21504087,0.03013979,1,0.47799999,0.47799999,0.5,0
-0.91816023,-0.058659259,-0.21504561,0.029211725,1,0.479,0.479,0.5,0
-0.92764765,-0.058688943,-0.21505981,0.028178637,1,0.47999999,0.47999999,0.5,0
-0.92909155,-0.05870387,-0.21508701,0.027001098,1,0.48100001,0.48100001,0.5,0
-0.9305354,-0.058718796,-0.21511422,0.025823594,1,0.48199999,0.48199999,0.5,0
-0.9319793,-0.058733723,-0.21514143,0.024646056,1,0.48300001,0.48300001,0.5,0
-0.93342315,-0.058748649,-0.21516864,0.023468552,1,0.484,0.484,0.5,0
-0.93486704,-0.058763576,-0.21519585,0.022291013,1,0.48500001,0.48500001,0.5,0
-0.9363109,-0.058778502,-0.21522306,0.02111351,1,0.486,0.486,0.5,0
-0.93775475,-0.058793428,-0.21525026,0.019936006,1,0.48699999,0.48699999,0.5,0
-0.93919865,-0.058808355,-0.21527747,0.018758467,1,0.48800001,0.48800001,0.5,0
-0.9406425,-0.058823281,-0.21530468,0.017580964,1,0.48899999,0.48899999,0.5,0
-0.94208639,-0.058838208,-0.21533189,0.016403425,1,0.49000001,0.49000001,0.5,0
-0.94353025,-0.058853135,-0.2153591,0.015225921,1,0.491,0.491,0.5,0
-0.94497414,-0.058868061,-0.2153863,0.014048383,1,0.49200001,0.49200001,0.5,0
-0.94641799,-0.058882988,-0.21541351,0.012870879,1,0.493,0.493,0.5,0
-0.94786185,-0.058897914,-0.21544072,0.011693376,1,0.49399999,0.49399999,0.5,0
-0.94930574,-0.058912841,-0.21546793,0.010515837,1,0.495,0.495,0.5,0
-0.95074959,-0.058927767,-0.21549514,0.0093383332,1,0.49599999,0.49599999,0.5,0
-0.95219349,-0.058942694,-0.21552234,0.0081607945,1,0.49700001,0.49700001,0.5,0
-0.95363734,-0.05895762,-0.21554955,0.0069832909,1,0.498,0.498,0.5,0
-0.95508124,-0.058972547,-0.21557676,0.0058057522,1,0.49900001,0.49900001,0.5,0
-0.95652509,-0.058987473,-0.21560397,0.0046282486,1,0.5,0.5,0.5,0
-0.95388342,-0.059004046,-0.2156249,0.003459991,1,0.50099999,0.50099999,0.5,0
-0.94842556,-0.059021754,-0.21564151,0.0022981069,1,0.50199997,0.50199997,0.5,0
-0.94828579,-0.059014792,-0.21561938,0.00126976,1,0.50300002,0.50300002,0.5,0
-0.94862461,-0.059004831,-0.21559038,0.00025617936,1,0.50400001,0.50400001,0.5,0
-0.94700977,-0.058994998,-0.21553665,-0.00077572228,1,0.505,0.505,0.5,0
-0.94539492,-0.058985165,-0.21548292,-0.0018076239,1,0.50599998,0.50599998,0.5,0
-0.94377998,-0.058975332,-0.21542919,-0.0028395871,1,0.50700003,0.50700003,0.5,0
-0.94216514,-0.058965499,-0.21537547,-0.0038714887,1,0.50800002,0.50800002,0.5,0
-0.9405503,-0.058955666,-0.21532174,-0.0049033904,1,0.509,0.509,0.5,0
-0.93893545,-0.058945833,-0.21526802,-0.005935292,1,0.50999999,0.50999999,0.5,0
-0.93732061,-0.058936001,-0.21521429,-0.0069671936,1,0.51099998,0.51099998,0.5,0
-0.93570567,-0.058926167,-0.21516056,-0.0079991568,1,0.51200002,0.51200002,0.5,0
-0.93409083,-0.058916334,-0.21510683,-0.0090310584,1,0.51300001,0.51300001,0.5,0
-0.93247598,-0.058906502,-0.21505311,-0.01006296,1,0.514,0.514,0.5,0
-0.93086114,-0.058896669,-0.21499938,-0.011094862,1,0.51499999,0.51499999,0.5,0
-0.9292463,-0.058886836,-0.21494566,-0.012126763,1,0.51599997,0.51599997,0.5,0
-0.92763136,-0.058877003,-0.21489193,-0.013158727,1,0.51700002,0.51700002,0.5,0
-0.92601651,-0.05886717,-0.2148382,-0.014190628,1,0.51800001,0.51800001,0.5,0
-0.92440167,-0.058857337,-0.21478447,-0.01522253,1,0.51899999,0.51899999,0.5,0
-0.92278683,-0.058847504,-0.21473075,-0.016254431,1,0.51999998,0.51999998,0.5,0
-0.92117189,-0.058837671,-0.21467702,-0.017286395,1,0.52100003,0.52100003,0.5,0
-0.91955704,-0.058827838,-0.21462329,-0.018318296,1,0.52200001,0.52200001,0.5,0
-0.9179422,-0.058818005,-0.21456957,-0.019350198,1,0.523,0.523,0.5,0
-0.91632736,-0.058808172,-0.21451584,-0.0203821,1,0.52399999,0.52399999,0.5,0
-0.91471251,-0.05879834,-0.21446211,-0.021414001,1,0.52499998,0.52499998,0.5,0
-0.91309757,-0.058788506,-0.21440838,-0.022445964,1,0.52600002,0.52600002,0.5,0
-0.91148273,-0.058778673,-0.21435466,-0.023477866,1,0.52700001,0.52700001,0.5,0
-0.91156208,-0.058747509,-0.21437501,-0.024675814,1,0.528,0.528,0.5,0
-0.91215297,-0.058709905,-0.21441774,-0.025923898,1,0.52899998,0.52899998,0.5,0
-0.91274387,-0.0586723,-0.21446046,-0.027171983,1,0.52999997,0.52999997,0.5,0
-0.91333481,-0.058634693,-0.21450319,-0.028420142,1,0.53100002,0.53100002,0.5,0
-0.91392571,-0.058597088,-0.21454592,-0.029668227,1,0.53200001,0.53200001,0.5,0
-0.9145166,-0.058559483,-0.21458864,-0.030916312,1,0.53299999,0.53299999,0.5,0
-0.9151075,-0.058521878,-0.21463137,-0.032164396,1,0.53399998,0.53399998,0.5,0
-0.91569844,-0.058484271,-0.2146741,-0.033412556,1,0.53500003,0.53500003,0.5,0
-0.91628933,-0.058446666,-0.21471682,-0.03466064,1,0.53600001,0.53600001,0.5,0
-0.91688023,-0.058409062,-0.21475955,-0.035908725,1,0.537,0.537,0.5,0
-0.91747113,-0.058371457,-0.21480227,-0.03715681,1,0.53799999,0.53799999,0.5,0
-0.91806203,-0.058333852,-0.214845,-0.038404895,1,0.53899997,0.53899997,0.5,0
-0.91865296,-0.058296245,-0.21488772,-0.039653054,1,0.54000002,0.54000002,0.5,0
-0.91924386,-0.05825864,-0.21493045,-0.040901138,1,0.54100001,0.54100001,0.5,0
-0.91983476,-0.058221035,-0.21497318,-0.042149223,1,0.542,0.542,0.5,0
-0.92042566,-0.058183431,-0.2150159,-0.043397308,1,0.54299998,0.54299998,0.5,0
-0.92101659,-0.058145824,-0.21505863,-0.044645467,1,0.54400003,0.54400003,0.5,0
-0.92160749,-0.058108219,-0.21510135,-0.045893552,1,0.54500002,0.54500002,0.5,0
-0.92219839,-0.058070614,-0.21514408,-0.047141637,1,0.546,0.546,0.5,0
-0.92278929,-0.058033009,-0.2151868,-0.048389721,1,0.54699999,0.54699999,0.5,0
-0.90958809,-0.057991103,-0.21513564,-0.049280732,1,0.54799998,0.54799998,0.5,0
-0.89592035,-0.057949049,-0.21508131,-0.050159737,1,0.54900002,0.54900002,0.5,0
-0.88225343,-0.057906997,-0.21502697,-0.05103869,1,0.55000001,0.55000001,0.5,0
-0.87929222,-0.057855323,-0.21487505,-0.05191628,1,0.551,0.551,0.5,0
-0.89029121,-0.057791101,-0.21459588,-0.052792091,1,0.55199999,0.55199999,0.5,0
-0.9012902,-0.057726878,-0.2143167,-0.053667902,1,0.55299997,0.55299997,0.5,0
-0.91228984,-0.057662652,-0.21403751,-0.054543766,1,0.55400002,0.55400002,0.5,0
-0.92328883,-0.05759843,-0.21375833,-0.055419577,1,0.55500001,0.55500001,0.5,0
-0.93428782,-0.057534208,-0.21347915,-0.056295388,1,0.55599999,0.55599999,0.5,0
-0.93485892,-0.057471512,-0.21320278,-0.057144355,1,0.55699998,0.55699998,0.5,0
-0.92707059,-0.057410036,-0.21292863,-0.057971853,1,0.55800003,0.55800003,0.5,0
-0.91928273,-0.057348563,-0.21265449,-0.058799301,1,0.55900002,0.55900002,0.5,0
-0.91149486,-0.057287091,-0.21238036,-0.05962675,1,0.56,0.56,0.5,0
-0.903707,-0.057225619,-0.21210623,-0.060454198,1,0.56099999,0.56099999,0.5,0
-0.89591914,-0.057164147,-0.21183209,-0.061281646,1,0.56199998,0.56199998,0.5,0
-0.88813081,-0.057102671,-0.21155794,-0.062109144,1,0.56300002,0.56300002,0.5,0
-0.88034294,-0.057041198,-0.21128381,-0.062936593,1,0.56400001,0.56400001,0.5,0
-0.87255508,-0.056979726,-0.21100967,-0.063764041,1,0.565,0.565,0.5,0
-0.86476722,-0.056918254,-0.21073554,-0.064591489,1,0.56599998,0.56599998,0.5,0
-0.85697935,-0.056856781,-0.21046141,-0.065418938,1,0.56699997,0.56699997,0.5,0
-0.84919102,-0.056795305,-0.21018726,-0.066246436,1,0.56800002,0.56800002,0.5,0
-0.84140316,-0.056733833,-0.20991312,-0.067073884,1,0.56900001,0.56900001,0.5,0
-0.83361529,-0.056672361,-0.20963899,-0.067901333,1,0.56999999,0.56999999,0.5,0
-0.82582743,-0.056610888,-0.20936485,-0.068728781,1,0.57099998,0.57099998,0.5,0
-0.8180391,-0.056549413,-0.2090907,-0.069556279,1,0.57200003,0.57200003,0.5,0
-0.81025124,-0.05648794,-0.20881657,-0.070383727,1,0.57300001,0.57300001,0.5,0
-0.80246337,-0.056426468,-0.20854244,-0.071211176,1,0.574,0.574,0.5,0
-0.79467551,-0.056364996,-0.2082683,-0.072038624,1,0.57499999,0.57499999,0.5,0
-0.78688764,-0.056303523,-0.20799417,-0.072866072,1,0.57599998,0.57599998,0.5,0
-0.78046839,-0.05623561,-0.20778395,-0.073777756,1,0.57700002,0.57700002,0.5,0
-0.77631001,-0.056157071,-0.20767932,-0.074828386,1,0.57800001,0.57800001,0.5,0
-0.77215163,-0.056078533,-0.20757469,-0.075879016,1,0.579,0.579,0.5,0
-0.76799325,-0.055999994,-0.20747005,-0.076929646,1,0.57999998,0.57999998,0.5,0
-0.76383487,-0.055921456,-0.20736542,-0.077980277,1,0.58099997,0.58099997,0.5,0
-0.75967624,-0.055842912,-0.20726078,-0.079030969,1,0.58200002,0.58200002,0.5,0
-0.75551786,-0.055764374,-0.20715615,-0.080081599,1,0.583,0.583,0.5,0
-0.75232203,-0.055684196,-0.20704033,-0.081122968,1,0.58399999,0.58399999,0.5,0
-0.75723322,-0.055590211,-0.20683038,-0.082086338,1,0.58499998,0.58499998,0.5,0
-0.76214471,-0.05549622,-0.20662042,-0.083049766,1,0.58600003,0.58600003,0.5,0
-0.7670559,-0.055402235,-0.20641047,-0.084013136,1,0.58700001,0.58700001,0.5,0
-0.7719671,-0.05530825,-0.20620051,-0.084976506,1,0.588,0.588,0.5,0
-0.77687829,-0.055214265,-0.20599056,-0.085939876,1,0.58899999,0.58899999,0.5,0
-0.78178949,-0.05512028,-0.20578061,-0.086903245,1,0.58999997,0.58999997,0.5,0
-0.78670097,-0.05502629,-0.20557065,-0.087866673,1,0.59100002,0.59100002,0.5,0
-0.79161217,-0.054932305,-0.20536069,-0.088830043,1,0.59200001,0.59200001,0.5,0
-0.79652336,-0.05483832,-0.20515074,-0.089793413,1,0.59299999,0.59299999,0.5,0
-0.80143455,-0.054744335,-0.20494079,-0.090756783,1,0.59399998,0.59399998,0.5,0
-0.80634604,-0.054650344,-0.20473082,-0.09172021,1,0.59500003,0.59500003,0.5,0
-0.81125723,-0.054556359,-0.20452087,-0.09268358,1,0.59600002,0.59600002,0.5,0
-0.81616843,-0.054462374,-0.20431092,-0.09364695,1,0.597,0.597,0.5,0
-0.81290399,-0.05437155,-0.20418848,-0.09465105,1,0.59799999,0.59799999,0.5,0
-0.80388288,-0.054282951,-0.20412767,-0.095683829,1,0.59899998,0.59899998,0.5,0
-0.79486122,-0.054194347,-0.20406685,-0.09671667,1,0.60000002,0.60000002,0.5,0
-0.78584011,-0.054105749,-0.20400604,-0.097749449,1,0.60100001,0.60100001,0.5,0
-0.77681899,-0.05401715,-0.20394522,-0.098782228,1,0.602,0.602,0.5,0
-0.76779787,-0.053928552,-0.20388441,-0.099815007,1,0.60299999,0.60299999,0.5,0
-0.75877676,-0.053839953,-0.20382359,-0.10084779,1,0.60399997,0.60399997,0.5,0
-0.7497551,-0.053751349,-0.20376278,-0.10188063,1,0.60500002,0.60500002,0.5,0
-0.74073399,-0.053662751,-0.20370196,-0.10291341,1,0.60600001,0.60600001,0.5,0
-0.73171287,-0.053574152,-0.20364115,-0.10394619,1,0.60699999,0.60699999,0.5,0
-0.72200365,-0.053483663,-0.20354831,-0.10496148,1,0.60799998,0.60799998,0.5,0
-0.70647645,-0.053377187,-0.20318471,-0.10582904,1,0.60900003,0.60900003,0.5,0
-0.69095019,-0.053270717,-0.20282114,-0.10669654,1,0.61000001,0.61000001,0.5,0
-0.67542392,-0.053164247,-0.20245757,-0.10756405,1,0.611,0.611,0.5,0
-0.65989765,-0.053057776,-0.20209399,-0.10843155,1,0.61199999,0.61199999,0.5,0
-0.64437138,-0.052951306,-0.20173042,-0.10929906,1,0.61299998,0.61299998,0.5,0
-0.62884418,-0.05284483,-0.20136683,-0.11016662,1,0.61400002,0.61400002,0.5,0
-0.61331791,-0.05273836,-0.20100325,-0.11103412,1,0.61500001,0.61500001,0.5,0
-0.59908214,-0.052626584,-0.20068388,-0.11186908,1,0.616,0.616,0.5,0
-0.58762856,-0.052503371,-0.2004598,-0.11263388,1,0.61699998,0.61699998,0.5,0
-0.57617498,-0.052380157,-0.20023573,-0.11339868,1,0.61799997,0.61799997,0.5,0
-0.56472072,-0.052256936,-0.20001163,-0.11416352,1,0.61900002,0.61900002,0.5,0
-0.55326714,-0.052133723,-0.19978756,-0.11492832,1,0.62,0.62,0.5,0
-0.54181356,-0.052010509,-0.19956348,-0.11569312,1,0.62099999,0.62099999,0.5,0
-0.53035998,-0.051887296,-0.1993394,-0.11645791,1,0.62199998,0.62199998,0.5,0
-0.51890571,-0.051764075,-0.19911531,-0.11722276,1,0.62300003,0.62300003,0.5,0
-0.50745213,-0.051640861,-0.19889123,-0.11798755,1,0.62400001,0.62400001,0.5,0
-0.49599855,-0.051517648,-0.19866716,-0.11875235,1,0.625,0.625,0.5,0
-0.48454497,-0.051394435,-0.19844308,-0.11951715,1,0.62599999,0.62599999,0.5,0
-0.47309139,-0.051271221,-0.198219,-0.12028195,1,0.62699997,0.62699997,0.5,0
-0.46163713,-0.051148,-0.19799491,-0.12104679,1,0.62800002,0.62800002,0.5,0
-0.45018355,-0.051024787,-0.19777083,-0.12181159,1,0.62900001,0.62900001,0.5,0
-0.43872997,-0.050901573,-0.19754675,-0.12257639,1,0.63,0.63,0.5,0
-0.42727639,-0.05077836,-0.19732268,-0.12334118,1,0.63099998,0.63099998,0.5,0
-0.41582213,-0.050655139,-0.19709858,-0.12410603,1,0.63200003,0.63200003,0.5,0
-0.40436854,-0.050531925,-0.19687451,-0.12487082,1,0.63300002,0.63300002,0.5,0
-0.39291496,-0.050408712,-0.19665043,-0.12563562,1,0.634,0.634,0.5,0
-0.38146138,-0.050285498,-0.19642635,-0.12640042,1,0.63499999,0.63499999,0.5,0
-0.3700078,-0.050162285,-0.19620227,-0.12716522,1,0.63599998,0.63599998,0.5,0
-0.35855354,-0.050039064,-0.19597818,-0.12793006,1,0.63700002,0.63700002,0.5,0
-0.34709996,-0.049915851,-0.19575411,-0.12869486,1,0.63800001,0.63800001,0.5,0
-0.33564638,-0.049792637,-0.19553003,-0.12945966,1,0.639,0.639,0.5,0
-0.32542375,-0.049667572,-0.19526526,-0.13016057,1,0.63999999,0.63999999,0.5,0
-0.31959443,-0.049535901,-0.19485525,-0.13063346,1,0.64099997,0.64099997,0.5,0
-0.31376477,-0.049404222,-0.19444521,-0.13110638,1,0.64200002,0.64200002,0.5,0
-0.30793545,-0.049272551,-0.1940352,-0.13157927,1,0.64300001,0.64300001,0.5,0
-0.30210613,-0.04914088,-0.19362519,-0.13205216,1,0.64399999,0.64399999,0.5,0
-0.29627681,-0.049009209,-0.19321518,-0.13252505,1,0.64499998,0.64499998,0.5,0
-0.29044715,-0.04887753,-0.19280515,-0.13299797,1,0.64600003,0.64600003,0.5,0
-0.28461783,-0.048745859,-0.19239514,-0.13347087,1,0.64700001,0.64700001,0.5,0
-0.27878851,-0.048614188,-0.19198513,-0.13394376,1,0.648,0.648,0.5,0
-0.2729592,-0.048482517,-0.19157511,-0.13441665,1,0.64899999,0.64899999,0.5,0
-0.26712988,-0.048350845,-0.1911651,-0.13488954,1,0.64999998,0.64999998,0.5,0
-0.26130021,-0.048219166,-0.19075507,-0.13536246,1,0.65100002,0.65100002,0.5,0
-0.2554709,-0.048087495,-0.19034506,-0.13583535,1,0.65200001,0.65200001,0.5,0
-0.24964158,-0.047955824,-0.18993505,-0.13630825,1,0.653,0.653,0.5,0
-0.24381226,-0.047824153,-0.18952504,-0.13678114,1,0.65399998,0.65399998,0.5,0
-0.23798294,-0.047692482,-0.18911503,-0.13725403,1,0.65499997,0.65499997,0.5,0
-0.23215328,-0.047560803,-0.18870499,-0.13772695,1,0.65600002,0.65600002,0.5,0
-0.22632396,-0.047429132,-0.18829498,-0.13819984,1,0.65700001,0.65700001,0.5,0
-0.21695953,-0.047284483,-0.18784524,-0.13887097,1,0.65799999,0.65799999,0.5,0
-0.20643365,-0.047135571,-0.18738245,-0.13960723,1,0.65899998,0.65899998,0.5,0
-0.19590715,-0.04698665,-0.18691963,-0.14034353,1,0.66000003,0.66000003,0.5,0
-0.18538128,-0.046837738,-0.18645683,-0.14107979,1,0.66100001,0.66100001,0.5,0
-0.17485541,-0.046688826,-0.18599404,-0.14181604,1,0.662,0.662,0.5,0
-0.16432953,-0.046539914,-0.18553125,-0.1425523,1,0.66299999,0.66299999,0.5,0
-0.15380366,-0.046391001,-0.18506845,-0.14328856,1,0.66399997,0.66399997,0.5,0
-0.14327716,-0.04624208,-0.18460563,-0.14402486,1,0.66500002,0.66500002,0.5,0
-0.13275128,-0.046093168,-0.18414284,-0.14476112,1,0.66600001,0.66600001,0.5,0
-0.12222541,-0.045944256,-0.18368004,-0.14549738,1,0.667,0.667,0.5,0
-0.11169954,-0.045795344,-0.18321725,-0.14623364,1,0.66799998,0.66799998,0.5,0
-0.10117304,-0.045646423,-0.18275443,-0.14696994,1,0.66900003,0.66900003,0.5,0
-0.0911064,-0.04549494,-0.18208907,-0.1473567,1,0.67000002,0.67000002,0.5,0
-0.081058916,-0.045343349,-0.18141526,-0.14772889,1,0.671,0.671,0.5,0
-0.071011432,-0.045191759,-0.18074145,-0.14810108,1,0.67199999,0.67199999,0.5,0
-0.060963948,-0.045040168,-0.18006764,-0.14847328,1,0.67299998,0.67299998,0.5,0
-0.050915865,-0.044888569,-0.1793938,-0.14884549,1,0.67400002,0.67400002,0.5,0
-0.040868381,-0.044736979,-0.17871999,-0.14921768,1,0.67500001,0.67500001,0.5,0
-0.030820897,-0.044585388,-0.17804618,-0.14958987,1,0.676,0.676,0.5,0
-0.020773413,-0.044433798,-0.17737237,-0.14996206,1,0.67699999,0.67699999,0.5,0
-0.010725929,-0.044282207,-0.17669857,-0.15033425,1,0.67799997,0.67799997,0.5,0
-0.00067784624,-0.044130608,-0.17602472,-0.15070646,1,0.67900002,0.67900002,0.5,0
0.0093696378,-0.043979018,-0.17535091,-0.15107866,1,0.68000001,0.68000001,0.5,0
0.019417122,-0.043827427,-0.1746771,-0.15145085,1,0.68099999,0.68099999,0.5,0
0.029464606,-0.043675837,-0.1740033,-0.15182304,1,0.68199998,0.68199998,0.5,0
0.039512689,-0.043524237,-0.17332945,-0.15219525,1,0.68300003,0.68300003,0.5,0
0.049560173,-0.043372647,-0.17265564,-0.15256744,1,0.68400002,0.68400002,0.5,0
0.059607657,-0.043221057,-0.17198183,-0.15293963,1,0.685,0.685,0.5,0
0.069655141,-0.043069466,-0.17130803,-0.15331182,1,0.68599999,0.68599999,0.5,0
0.079702625,-0.042917876,-0.17063422,-0.15368401,1,0.68699998,0.68699998,0.5,0
0.089750707,-0.042766276,-0.16996037,-0.15405623,1,0.68800002,0.68800002,0.5,0
0.099798191,-0.042614686,-0.16928656,-0.15442842,1,0.68900001,0.68900001,0.5,0
0.10984568,-0.042463096,-0.16861276,-0.15480061,1,0.69,0.69,0.5,0
0.11989316,-0.042311505,-0.16793895,-0.1551728,1,0.69099998,0.69099998,0.5,0
0.12994064,-0.042159915,-0.16726514,-0.15554499,1,0.69199997,0.69199997,0.5,0
0.13998873,-0.042008315,-0.16659129,-0.1559172,1,0.69300002,0.69300002,0.5,0
0.15003621,-0.041856725,-0.16591749,-0.15628939,1,0.69400001,0.69400001,0.5,0
0.1480554,-0.041693003,-0.1653027,-0.15660165,1,0.69499999,0.69499999,0.5,0
0.14002489,-0.041528887,-0.16487768,-0.15706479,1,0.69599998,0.69599998,0.5,0
0.13013866,-0.041365968,-0.16446679,-0.15754842,1,0.69700003,0.69700003,0.5,0
0.11602637,-0.041205988,-0.16400733,-0.1580126,1,0.69800001,0.69800001,0.5,0
0.10191407,-0.041046008,-0.16354786,-0.15847678,1,0.699,0.699,0.5,0
0.087801779,-0.040886028,-0.16308839,-0.15894097,1,0.69999999,0.69999999,0.5,0
0.073689485,-0.040726049,-0.16262893,-0.15940515,1,0.70099998,0.70099998,0.5,0
0.05957635,-0.040566059,-0.16216944,-0.15986936,1,0.70200002,0.70200002,0.5,0
0.045464056,-0.040406079,-0.16170997,-0.16033354,1,0.70300001,0.70300001,0.5,0
0.031351763,-0.040246099,-0.16125051,-0.16079772,1,0.704,0.704,0.5,0
0.017239469,-0.04008612,-0.16079104,-0.1612619,1,0.70499998,0.70499998,0.5,0
0.0031271755,-0.03992614,-0.16033158,-0.16172608,1,0.70599997,0.70599997,0.5,0
-0.010985959,-0.03976615,-0.15987208,-0.16219029,1,0.70700002,0.70700002,0.5,0
-0.025098253,-0.039606171,-0.15941262,-0.16265447,1,0.708,0.708,0.5,0
-0.039210547,-0.039446191,-0.15895315,-0.16311865,1,0.70899999,0.70899999,0.5,0
-0.05332284,-0.039286211,-0.15849369,-0.16358283,1,0.70999998,0.70999998,0.5,0
-0.067435975,-0.039126221,-0.15803419,-0.16404704,1,0.71100003,0.71100003,0.5,0
-0.081548269,-0.038966242,-0.15757473,-0.16451123,1,0.71200001,0.71200001,0.5,0
-0.095660563,-0.038806262,-0.15711526,-0.16497541,1,0.713,0.713,0.5,0
-0.10977286,-0.038646282,-0.1566558,-0.16543959,1,0.71399999,0.71399999,0.5,0
-0.12388515,-0.038486302,-0.15619633,-0.16590377,1,0.71499997,0.71499997,0.5,0
-0.13702082,-0.038323703,-0.15568586,-0.16641161,1,0.71600002,0.71600002,0.5,0
-0.14490495,-0.038147092,-0.15490156,-0.16715379,1,0.71700001,0.71700001,0.5,0
-0.15278908,-0.037970482,-0.15411725,-0.16789596,1,0.71799999,0.71799999,0.5,0
-0.16067321,-0.037793871,-0.15333295,-0.16863814,1,0.71899998,0.71899998,0.5,0
-0.16855782,-0.037617251,-0.1525486,-0.16938036,1,0.72000003,0.72000003,0.5,0
-0.17644195,-0.03744064,-0.1517643,-0.17012254,1,0.72100002,0.72100002,0.5,0
-0.18432608,-0.03726403,-0.15097999,-0.17086472,1,0.722,0.722,0.5,0
-0.19221021,-0.037087419,-0.15019569,-0.1716069,1,0.72299999,0.72299999,0.5,0
-0.20009435,-0.036910809,-0.14941138,-0.17234907,1,0.72399998,0.72399998,0.5,0
-0.20797895,-0.036734188,-0.14862703,-0.1730913,1,0.72500002,0.72500002,0.5,0
-0.21586308,-0.036557578,-0.14784273,-0.17383347,1,0.72600001,0.72600001,0.5,0
-0.22374721,-0.036380967,-0.14705843,-0.17457565,1,0.727,0.727,0.5,0
-0.23163134,-0.036204357,-0.14627412,-0.17531783,1,0.72799999,0.72799999,0.5,0
-0.23951548,-0.036027747,-0.14548982,-0.17606001,1,0.72899997,0.72899997,0.5,0
-0.24740008,-0.035851126,-0.14470547,-0.17680223,1,0.73000002,0.73000002,0.5,0
-0.23478044,-0.035682952,-0.14410175,-0.17738963,1,0.73100001,0.73100001,0.5,0
-0.21711448,-0.035516854,-0.14354248,-0.17793894,1,0.73199999,0.73199999,0.5,0
-0.19944852,-0.035350757,-0.14298321,-0.17848825,1,0.73299998,0.73299998,0.5,0
-0.18178151,-0.035184649,-0.14242391,-0.17903759,1,0.73400003,0.73400003,0.5,0
-0.16411556,-0.035018552,-0.14186464,-0.1795869,1,0.73500001,0.73500001,0.5,0
-0.1464496,-0.034852454,-0.14130537,-0.18013621,1,0.736,0.736,0.5,0
-0.12878364,-0.034686357,-0.1407461,-0.18068552,1,0.73699999,0.73699999,0.5,0
-0.11111768,-0.034520259,-0.14018683,-0.18123484,1,0.73799998,0.73799998,0.5,0
-0.095281067,-0.034348002,-0.13950305,-0.18164646,1,0.73900002,0.73900002,0.5,0
-0.0834216,-0.034162397,-0.13854892,-0.18175888,1,0.74000001,0.74000001,0.5,0
-0.071562133,-0.033976793,-0.13759478,-0.18187131,1,0.741,0.741,0.5,0
-0.059702666,-0.033791188,-0.13664065,-0.18198373,1,0.74199998,0.74199998,0.5,0
-0.047843199,-0.033605583,-0.13568651,-0.18209615,1,0.74299997,0.74299997,0.5,0
-0.035983025,-0.033419968,-0.13473232,-0.18220858,1,0.74400002,0.74400002,0.5,0
-0.024123558,-0.033234363,-0.13377818,-0.18232101,1,0.745,0.745,0.5,0
-0.012264091,-0.033048758,-0.13282405,-0.18243343,1,0.74599999,0.74599999,0.5,0
-0.00040462377,-0.032863153,-0.13186991,-0.18254586,1,0.74699998,0.74699998,0.5,0
0.01145555,-0.032677538,-0.13091572,-0.18265829,1,0.74800003,0.74800003,0.5,0
0.023315017,-0.032491933,-0.12996158,-0.18277071,1,0.74900001,0.74900001,0.5,0
0.035174484,-0.032306328,-0.12900745,-0.18288313,1,0.75,0.75,0.5,0
0.047033951,-0.032120724,-0.12805331,-0.18299556,1,0.75099999,0.75099999,0.5,0
0.058893418,-0.031935119,-0.12709918,-0.18310798,1,0.75199997,0.75199997,0.5,0
0.070753592,-0.031749503,-0.12614499,-0.18322041,1,0.75300002,0.75300002,0.5,0
0.082613059,-0.031563898,-0.12519085,-0.18333284,1,0.75400001,0.75400001,0.5,0
0.094472526,-0.031378294,-0.12423672,-0.18344526,1,0.755,0.755,0.5,0
0.10633199,-0.031192689,-0.12328258,-0.18355768,1,0.75599998,0.75599998,0.5,0
0.12158405,-0.031005662,-0.12235998,-0.18369459,1,0.75700003,0.75700003,0.5,0
0.14144367,-0.030816729,-0.12148035,-0.18386473,1,0.75800002,0.75800002,0.5,0
0.15219703,-0.030628255,-0.1207415,-0.18410194,1,0.759,0.759,0.5,0
0.15406718,-0.030440229,-0.12013998,-0.18440457,1,0.75999999,0.75999999,0.5,0
0.15593732,-0.030252203,-0.11953846,-0.18470721,1,0.76099998,0.76099998,0.5,0
0.15780757,-0.030064166,-0.1189369,-0.18500986,1,0.76200002,0.76200002,0.5,0
0.15967772,-0.02987614,-0.11833538,-0.1853125,1,0.76300001,0.76300001,0.5,0
0.16154786,-0.029688114,-0.11773386,-0.18561513,1,0.764,0.764,0.5,0
0.16343822,-0.029500471,-0.1171358,-0.18591821,1,0.76499999,0.76499999,0.5,0
0.1653855,-0.029313909,-0.11654746,-0.18622251,1,0.76599997,0.76599997,0.5,0
0.1673329,-0.029127336,-0.11595909,-0.18652683,1,0.76700002,0.76700002,0.5,0
0.16928018,-0.028940775,-0.11537076,-0.18683114,1,0.76800001,0.76800001,0.5,0
0.17122746,-0.028754213,-0.11478242,-0.18713544,1,0.76899999,0.76899999,0.5,0
0.17317474,-0.028567651,-0.11419409,-0.18743975,1,0.76999998,0.76999998,0.5,0
0.17512213,-0.028381078,-0.11360572,-0.18774407,1,0.77100003,0.77100003,0.5,0
0.17706941,-0.028194516,-0.11301738,-0.18804837,1,0.77200001,0.77200001,0.5,0
0.17901669,-0.028007954,-0.11242905,-0.18835268,1,0.773,0.773,0.5,0
0.18096397,-0.027821393,-0.11184071,-0.18865698,1,0.77399999,0.77399999,0.5,0
0.18291125,-0.027634831,-0.11125238,-0.18896129,1,0.77499998,0.77499998,0.5,0
0.18485865,-0.027448258,-0.11066401,-0.18926561,1,0.77600002,0.77600002,0.5,0
0.18680592,-0.027261696,-0.11007567,-0.18956991,1,0.77700001,0.77700001,0.5,0
0.1887532,-0.027075134,-0.10948734,-0.18987422,1,0.778,0.778,0.5,0
0.19070048,-0.026888572,-0.108899,-0.19017852,1,0.77899998,0.77899998,0.5,0
0.20811963,-0.026710747,-0.10816298,-0.19039507,1,0.77999997,0.77999997,0.5,0
0.22982192,-0.026535329,-0.10738604,-0.19058733,1,0.78100002,0.78100002,0.5,0
0.25128967,-0.026345229,-0.10672901,-0.19035336,1,0.78200001,0.78200001,0.5,0
0.27275645,-0.026155067,-0.10607248,-0.19011762,1,0.78299999,0.78299999,0.5,0
0.29422324,-0.025964906,-0.10541595,-0.18988187,1,0.78399998,0.78399998,0.5,0
0.3156913,-0.025774733,-0.10475937,-0.18964612,1,0.78500003,0.78500003,0.5,0
0.33715808,-0.025584571,-0.10410284,-0.18941037,1,0.78600001,0.78600001,0.5,0
0.35862487,-0.025394409,-0.10344631,-0.18917463,1,0.787,0.787,0.5,0
0.38009165,-0.025204248,-0.10278977,-0.18893889,1,0.78799999,0.78799999,0.5,0
0.40155844,-0.025014086,-0.10213324,-0.18870314,1,0.78899997,0.78899997,0.5,0
0.4230265,-0.024823913,-0.10147667,-0.18846739,1,0.79000002,0.79000002,0.5,0
0.44449328,-0.024633752,-0.10082013,-0.18823165,1,0.79100001,0.79100001,0.5,0
0.46596007,-0.02444359,-0.1001636,-0.1879959,1,0.792,0.792,0.5,0
0.48742685,-0.024253428,-0.099507065,-0.18776016,1,0.79299998,0.79299998,0.5,0
0.50889491,-0.024063255,-0.098850492,-0.1875244,1,0.79400003,0.79400003,0.5,0
0.5303617,-0.023873094,-0.098193959,-0.18728866,1,0.79500002,0.79500002,0.5,0
0.55182848,-0.023682932,-0.097537425,-0.18705292,1,0.796,0.796,0.5,0
0.57329527,-0.023492771,-0.096880892,-0.18681717,1,0.79699999,0.79699999,0.5,0
0.59476205,-0.023302609,-0.096224358,-0.18658143,1,0.79799998,0.79799998,0.5,0
0.61623011,-0.023112436,-0.095567786,-0.18634567,1,0.79900002,0.79900002,0.5,0
0.6376969,-0.022922274,-0.094911252,-0.18610993,1,0.80000001,0.80000001,0.5,0
0.65839823,-0.022733492,-0.094255434,-0.18586518,1,0.801,0.801,0.5,0
0.67086308,-0.022559549,-0.093607315,-0.18552344,1,0.80199999,0.80199999,0.5,0
0.68332793,-0.022385606,-0.092959196,-0.18518171,1,0.80299997,0.80299997,0.5,0
0.69579352,-0.022211653,-0.092311038,-0.18483995,1,0.80400002,0.80400002,0.5,0
0.70825837,-0.02203771,-0.091662919,-0.18449821,1,0.80500001,0.80500001,0.5,0
0.72072321,-0.021863767,-0.091014799,-0.18415648,1,0.80599999,0.80599999,0.5,0
0.73318806,-0.021689824,-0.09036668,-0.18381474,1,0.80699998,0.80699998,0.5,0
0.74565365,-0.021515871,-0.089718522,-0.18347299,1,0.80800003,0.80800003,0.5,0
0.7581185,-0.021341928,-0.089070403,-0.18313125,1,0.80900002,0.80900002,0.5,0
0.77028626,-0.021167715,-0.088421751,-0.18278942,1,0.81,0.81,0.5,0
0.76888699,-0.020981196,-0.087748758,-0.18244328,1,0.81099999,0.81099999,0.5,0
0.76748772,-0.020794676,-0.087075765,-0.18209713,1,0.81199998,0.81199998,0.5,0
0.76608836,-0.020608146,-0.086402732,-0.18175097,1,0.81300002,0.81300002,0.5,0
0.76468909,-0.020421626,-0.085729739,-0.18140482,1,0.81400001,0.81400001,0.5,0
0.76328982,-0.020235107,-0.085056746,-0.18105868,1,0.815,0.815,0.5,0
0.76189055,-0.020048587,-0.084383753,-0.18071253,1,0.81599998,0.81599998,0.5,0
0.76049128,-0.019862068,-0.08371076,-0.18036639,1,0.81699997,0.81699997,0.5,0
0.75909193,-0.019675537,-0.083037727,-0.18002022,1,0.81800002,0.81800002,0.5,0
0.75769266,-0.019489018,-0.082364734,-0.17967407,1,0.81900001,0.81900001,0.5,0
0.75629338,-0.019302498,-0.081691741,-0.17932793,1,0.81999999,0.81999999,0.5,0
0.75489411,-0.019115979,-0.081018748,-0.17898178,1,0.82099998,0.82099998,0.5,0
0.75349476,-0.018929448,-0.080345715,-0.17863562,1,0.82200003,0.82200003,0.5,0
0.75209549,-0.018742929,-0.079672722,-0.17828947,1,0.82300001,0.82300001,0.5,0
0.75069622,-0.018556409,-0.078999729,-0.17794333,1,0.824,0.824,0.5,0
0.74929695,-0.01836989,-0.078326736,-0.17759718,1,0.82499999,0.82499999,0.5,0
0.74789768,-0.01818337,-0.077653743,-0.17725104,1,0.82599998,0.82599998,0.5,0
0.74649832,-0.017996839,-0.07698071,-0.17690487,1,0.82700002,0.82700002,0.5,0
0.74509905,-0.01781032,-0.076307717,-0.17655872,1,0.82800001,0.82800001,0.5,0
0.74875061,-0.017639689,-0.07571327,-0.17617886,1,0.829,0.829,0.5,0
0.75399608,-0.017474071,-0.075143611,-0.17578834,1,0.82999998,0.82999998,0.5,0
0.75924156,-0.017308454,-0.074573952,-0.17539783,1,0.83099997,0.83099997,0.5,0
0.76448735,-0.017142827,-0.074004259,-0.1750073,1,0.83200002,0.83200002,0.5,0
0.76973283,-0.01697721,-0.0734346,-0.17461679,1,0.833,0.833,0.5,0
0.77497831,-0.016811592,-0.072864941,-0.17422628,1,0.83399999,0.83399999,0.5,0
0.78022379,-0.016645975,-0.072295282,-0.17383576,1,0.83499998,0.83499998,0.5,0
0.78546958,-0.016480348,-0.071725588,-0.17344523,1,0.83600003,0.83600003,0.5,0
0.79071506,-0.016314731,-0.071155929,-0.17305472,1,0.83700001,0.83700001,0.5,0
0.79596054,-0.016149113,-0.07058627,-0.17266421,1,0.838,0.838,0.5,0
0.80120601,-0.015983496,-0.070016611,-0.17227369,1,0.83899999,0.83899999,0.5,0
0.80645149,-0.015817879,-0.069446952,-0.17188318,1,0.83999997,0.83999997,0.5,0
0.81169728,-0.015652252,-0.068877259,-0.17149265,1,0.84100002,0.84100002,0.5,0
0.81694276,-0.015486634,-0.0683076,-0.17110214,1,0.84200001,0.84200001,0.5,0
0.82218824,-0.015321017,-0.06773794,-0.17071163,1,0.84299999,0.84299999,0.5,0
0.82743372,-0.0151554,-0.067168281,-0.17032111,1,0.84399998,0.84399998,0.5,0
0.83267951,-0.014989773,-0.066598588,-0.16993058,1,0.84500003,0.84500003,0.5,0
0.83792499,-0.014824155,-0.066028929,-0.16954007,1,0.84600002,0.84600002,0.5,0
0.84114902,-0.014651642,-0.065339054,-0.1690812,1,0.847,0.847,0.5,0
0.84376495,-0.014477054,-0.064613016,-0.16860176,1,0.84799999,0.84799999,0.5,0
0.84638088,-0.014302467,-0.063886977,-0.16812233,1,0.84899998,0.84899998,0.5,0
0.84899696,-0.014127869,-0.063160896,-0.16764287,1,0.85000002,0.85000002,0.5,0
0.8516129,-0.013953281,-0.062434857,-0.16716344,1,0.85100001,0.85100001,0.5,0
0.85422883,-0.013778694,-0.061708819,-0.166684,1,0.852,0.852,0.5,0
0.85684476,-0.013604106,-0.060982781,-0.16620457,1,0.85299999,0.85299999,0.5,0
0.85946069,-0.013429519,-0.060256742,-0.16572514,1,0.85399997,0.85399997,0.5,0
0.86207677,-0.013254921,-0.05953066,-0.16524567,1,0.85500002,0.85500002,0.5,0
0.8646927,-0.013080333,-0.058804622,-0.16476624,1,0.85600001,0.85600001,0.5,0
0.86730864,-0.012905746,-0.058078584,-0.16428681,1,0.85699999,0.85699999,0.5,0
0.86992457,-0.012731158,-0.057352545,-0.16380737,1,0.85799998,0.85799998,0.5,0
0.87254065,-0.01255656,-0.056626464,-0.16332791,1,0.85900003,0.85900003,0.5,0
0.87808131,-0.012402898,-0.055923623,-0.16267848,1,0.86000001,0.86000001,0.5,0
0.88403256,-0.012252174,-0.055224039,-0.16200518,1,0.861,0.861,0.5,0
0.88998381,-0.01210145,-0.054524455,-0.16133188,1,0.86199999,0.86199999,0.5,0
0.89593506,-0.011950726,-0.053824871,-0.16065859,1,0.86299998,0.86299998,0.5,0
0.90188666,-0.011799993,-0.053125246,-0.15998525,1,0.86400002,0.86400002,0.5,0
0.90783791,-0.011649269,-0.052425662,-0.15931195,1,0.86500001,0.86500001,0.5,0
0.91378916,-0.011498545,-0.051726078,-0.15863866,1,0.866,0.866,0.5,0
0.91974041,-0.011347821,-0.051026494,-0.15796536,1,0.86699998,0.86699998,0.5,0
0.92569166,-0.011197097,-0.05032691,-0.15729206,1,0.86799997,0.86799997,0.5,0
0.93164327,-0.011046364,-0.049627285,-0.15661872,1,0.86900002,0.86900002,0.5,0
0.93759452,-0.01089564,-0.048927701,-0.15594543,1,0.87,0.87,0.5,0
0.94354577,-0.010744916,-0.048228117,-0.15527213,1,0.87099999,0.87099999,0.5,0
0.94949702,-0.010594192,-0.047528533,-0.15459883,1,0.87199998,0.87199998,0.5,0
0.95812327,-0.010437303,-0.046928527,-0.15379222,1,0.87300003,0.87300003,0.5,0
0.96730409,-0.010279145,-0.04634923,-0.152958,1,0.87400001,0.87400001,0.5,0
0.97648491,-0.010120988,-0.045769933,-0.15212377,1,0.875,0.875,0.5,0
0.98566572,-0.0099628303,-0.045190636,-0.15128955,1,0.87599999,0.87599999,0.5,0
0.99484654,-0.0098046729,-0.044611339,-0.15045533,1,0.87699997,0.87699997,0.5,0
1.0040279,-0.0096465061,-0.044032008,-0.14962105,1,0.87800002,0.87800002,0.5,0
1.0132087,-0.0094883486,-0.043452711,-0.14878683,1,0.87900001,0.87900001,0.5,0
1.0223895,-0.0093301912,-0.042873414,-0.14795261,1,0.88,0.88,0.5,0
1.0315704,-0.0091720338,-0.042294117,-0.14711839,1,0.88099998,0.88099998,0.5,0
1.0407517,-0.0090138669,-0.041714786,-0.14628411,1,0.88200003,0.88200003,0.5,0
1.0499325,-0.0088557095,-0.041135489,-0.14544989,1,0.88300002,0.88300002,0.5,0
1.0591134,-0.0086975521,-0.040556192,-0.14461567,1,0.884,0.884,0.5,0
1.0688395,-0.0085609547,-0.03990535,-0.14370033,1,0.88499999,0.88499999,0.5,0
1.0786858,-0.0084291081,-0.039238742,-0.14276712,1,0.88599998,0.88599998,0.5,0
1.0885327,-0.0082972536,-0.038572095,-0.14183386,1,0.88700002,0.88700002,0.5,0
1.098379,-0.008165407,-0.037905488,-0.14090065,1,0.88800001,0.88800001,0.5,0
1.1082253,-0.0080335604,-0.03723888,-0.13996744,1,0.889,0.889,0.5,0
1.1180716,-0.0079017139,-0.036572273,-0.13903424,1,0.88999999,0.88999999,0.5,0
1.1279179,-0.0077698673,-0.035905665,-0.13810103,1,0.89099997,0.89099997,0.5,0
1.1377648,-0.0076380128,-0.035239018,-0.13716776,1,0.89200002,0.89200002,0.5,0
1.1476111,-0.0075061662,-0.034572411,-0.13623455,1,0.89300001,0.89300001,0.5,0
1.1574574,-0.0073743196,-0.033905803,-0.13530135,1,0.89399999,0.89399999,0.5,0
1.1673037,-0.007242473,-0.033239196,-0.13436814,1,0.89499998,0.89499998,0.5,0
1.1771506,-0.0071106186,-0.032572549,-0.13343487,1,0.89600003,0.89600003,0.5,0
1.1869969,-0.006978772,-0.031905941,-0.13250167,1,0.89700001,0.89700001,0.5,0
1.1968432,-0.0068469254,-0.031239334,-0.13156846,1,0.898,0.898,0.5,0
1.2066896,-0.0067150788,-0.030572726,-0.13063525,1,0.89899999,0.89899999,0.5,0
1.2165359,-0.0065832322,-0.029906119,-0.12970204,1,0.89999998,0.89999998,0.5,0
1.2263828,-0.0064513778,-0.029239472,-0.12876878,1,0.90100002,0.90100002,0.5,0
1.2362291,-0.0063195312,-0.028572864,-0.12783557,1,0.90200001,0.90200001,0.5,0
1.2460754,-0.0061876846,-0.027906257,-0.12690236,1,0.903,0.903,0.5,0
1.2559217,-0.006055838,-0.027239649,-0.12596915,1,0.90399998,0.90399998,0.5,0
1.265768,-0.0059239914,-0.026573042,-0.12503594,1,0.90499997,0.90499997,0.5,0
1.2756149,-0.005792137,-0.025906395,-0.12410268,1,0.90600002,0.90600002,0.5,0
1.2854612,-0.0056602904,-0.025239787,-0.12316947,1,0.90700001,0.90700001,0.5,0
1.2953075,-0.0055284438,-0.02457318,-0.12223626,1,0.90799999,0.90799999,0.5,0
1.3051538,-0.0053965972,-0.023906572,-0.12130305,1,0.90899998,0.90899998,0.5,0
1.3150007,-0.0052647428,-0.023239925,-0.12036979,1,0.91000003,0.91000003,0.5,0
1.324847,-0.0051328962,-0.022573318,-0.11943658,1,0.91100001,0.91100001,0.5,0
1.3327593,-0.0050039927,-0.021966901,-0.11852727,1,0.912,0.912,0.5,0
1.3375639,-0.0048801179,-0.021438277,-0.11762083,1,0.91299999,0.91299999,0.5,0
1.3263421,-0.004786833,-0.02101691,-0.11617775,1,0.91399997,0.91399997,0.5,0
1.3279137,-0.0046899051,-0.020486014,-0.11465746,1,0.91500002,0.91500002,0.5,0
1.3359009,-0.0045911589,-0.019900238,-0.11309859,1,0.91600001,0.91600001,0.5,0
1.3438882,-0.0044924126,-0.019314461,-0.11153971,1,0.917,0.917,0.5,0
1.3518754,-0.0043936664,-0.018728685,-0.10998084,1,0.91799998,0.91799998,0.5,0
1.3598631,-0.0042949143,-0.018142875,-0.10842187,1,0.91900003,0.91900003,0.5,0
1.3678503,-0.0041961681,-0.017557098,-0.106863,1,0.92000002,0.92000002,0.5,0
1.3758375,-0.0040974219,-0.016971322,-0.10530412,1,0.921,0.921,0.5,0
1.3838247,-0.0039986757,-0.016385546,-0.10374525,1,0.92199999,0.92199999,0.5,0
1.391812,-0.0038999295,-0.01579977,-0.10218637,1,0.92299998,0.92299998,0.5,0
1.3997996,-0.0038011774,-0.015213959,-0.10062741,1,0.92400002,0.92400002,0.5,0
1.4077869,-0.0037024311,-0.014628183,-0.099068534,1,0.92500001,0.92500001,0.5,0
1.4157741,-0.0036036849,-0.014042407,-0.09750966,1,0.926,0.926,0.5,0
1.4237613,-0.0035049387,-0.013456631,-0.095950786,1,0.92699999,0.92699999,0.5,0
1.4317485,-0.0034061925,-0.012870855,-0.094391912,1,0.92799997,0.92799997,0.5,0
1.4397362,-0.0033074404,-0.012285044,-0.092832945,1,0.92900002,0.92900002,0.5,0
1.4477234,-0.0032086942,-0.011699268,-0.091274071,1,0.93000001,0.93000001,0.5,0
1.4557107,-0.003109948,-0.011113492,-0.089715197,1,0.93099999,0.93099999,0.5,0
1.4636979,-0.0030112018,-0.010527716,-0.088156323,1,0.93199998,0.93199998,0.5,0
1.4716856,-0.0029124497,-0.0099419053,-0.086597356,1,0.93300003,0.93300003,0.5,0
1.4796728,-0.0028137034,-0.0093561292,-0.085038482,1,0.93400002,0.93400002,0.5,0
1.48766,-0.0027149572,-0.0087703532,-0.083479608,1,0.935,0.935,0.5,0
1.4956472,-0.002616211,-0.0081845772,-0.081920734,1,0.93599999,0.93599999,0.5,0
1.5036344,-0.0025174648,-0.0075988011,-0.080361859,1,0.93699998,0.93699998,0.5,0
1.5116221,-0.0024187127,-0.0070129902,-0.078802893,1,0.93800002,0.93800002,0.5,0
1.5196094,-0.0023199665,-0.0064272141,-0.077244018,1,0.93900001,0.93900001,0.5,0
1.5263312,-0.002223513,-0.0058636307,-0.075699272,1,0.94,0.94,0.5,0
1.5092743,-0.002170143,-0.0057170772,-0.07442,1,0.94099998,0.94099998,0.5,0
1.4922175,-0.002116773,-0.0055705237,-0.073140729,1,0.94199997,0.94199997,0.5,0
1.4751597,-0.0020633998,-0.0054239614,-0.071861381,1,0.94300002,0.94300002,0.5,0
1.4581028,-0.0020100297,-0.0052774078,-0.070582109,1,0.94400001,0.94400001,0.5,0
1.441046,-0.0019566597,-0.0051308543,-0.069302838,1,0.94499999,0.94499999,0.5,0
1.4239892,-0.0019032897,-0.0049843007,-0.068023566,1,0.94599998,0.94599998,0.5,0
1.4069313,-0.0018499165,-0.0048377385,-0.066744218,1,0.94700003,0.94700003,0.5,0
1.3898745,-0.0017965465,-0.0046911849,-0.065464946,1,0.94800001,0.94800001,0.5,0
1.3728177,-0.0017431765,-0.0045446314,-0.064185675,1,0.949,0.949,0.5,0
1.3557608,-0.0016898064,-0.0043980778,-0.062906403,1,0.94999999,0.94999999,0.5,0
1.338704,-0.0016364364,-0.0042515243,-0.061627132,1,0.95099998,0.95099998,0.5,0
1.3216462,-0.0015830632,-0.004104962,-0.060347784,1,0.95200002,0.95200002,0.5,0
1.3045893,-0.0015296932,-0.0039584085,-0.059068512,1,0.95300001,0.95300001,0.5,0
1.2875325,-0.0014763232,-0.0038118549,-0.057789241,1,0.954,0.954,0.5,0
1.2704757,-0.0014229532,-0.0036653014,-0.056509969,1,0.95499998,0.95499998,0.5,0
1.2534188,-0.0013695832,-0.0035187478,-0.055230697,1,0.95599997,0.95599997,0.5,0
1.236361,-0.00131621,-0.0033721855,-0.053951349,1,0.95700002,0.95700002,0.5,0
1.2193041,-0.0012628399,-0.003225632,-0.052672078,1,0.958,0.958,0.5,0
1.2022473,-0.0012094699,-0.0030790785,-0.051392806,1,0.95899999,0.95899999,0.5,0
1.1851905,-0.0011560999,-0.0029325249,-0.050113535,1,0.95999998,0.95999998,0.5,0
1.1681326,-0.0011027267,-0.0027859626,-0.048834187,1,0.96100003,0.96100003,0.5,0
1.1510758,-0.0010493567,-0.0026394091,-0.047554915,1,0.96200001,0.96200001,0.5,0
1.134019,-0.00099598668,-0.0024928555,-0.046275643,1,0.963,0.963,0.5,0
1.1169621,-0.00094261666,-0.002346302,-0.044996372,1,0.96399999,0.96399999,0.5,0
1.0999053,-0.00088924664,-0.0021997485,-0.0437171,1,0.96499997,0.96499997,0.5,0
1.0828475,-0.00083587344,-0.0020531862,-0.042437752,1,0.96600002,0.96600002,0.5,0
1.0657906,-0.00078250342,-0.0019066326,-0.041158481,1,0.96700001,0.96700001,0.5,0
1.0487338,-0.00072913341,-0.0017600791,-0.039879209,1,0.96799999,0.96799999,0.5,0
1.031677,-0.00067576339,-0.0016135255,-0.038599937,1,0.96899998,0.96899998,0.5,0
1.0146191,-0.00062239019,-0.0014669633,-0.03732059,1,0.97000003,0.97000003,0.5,0
0.99756229,-0.00056902017,-0.0013204097,-0.036041318,1,0.97100002,0.97100002,0.5,0
0.98050546,-0.00051565016,-0.0011738562,-0.034762046,1,0.972,0.972,0.5,0
0.96848455,-0.00046193232,-0.0010078273,-0.03348546,1,0.97299999,0.97299999,0.5,0
0.97209378,-0.00040713497,-0.00078135219,-0.032217208,1,0.97399998,0.97399998,0.5,0
0.97351821,-0.00035667069,-0.0005625853,-0.030980483,1,0.97500002,0.97500002,0.5,0
0.96632237,-0.00033778477,-0.0004242366,-0.02992509,1,0.97600001,0.97600001,0.5,0
0.99050246,-0.00032371058,-0.00040656029,-0.028678227,1,0.977,0.977,0.5,0
1.0146825,-0.00030963639,-0.00038888399,-0.027431363,1,0.97799999,0.97799999,0.5,0
1.0388626,-0.00029556219,-0.00037120768,-0.0261845,1,0.97899997,0.97899997,0.5,0
1.0630441,-0.00028148717,-0.00035353032,-0.024937563,1,0.98000002,0.98000002,0.5,0
1.0872242,-0.00026741297,-0.00033585402,-0.023690699,1,0.98100001,0.98100001,0.5,0
1.1114043,-0.00025333878,-0.00031817771,-0.022443836,1,0.98199999,0.98199999,0.5,0
1.1355844,-0.00023926459,-0.00030050141,-0.021196973,1,0.98299998,0.98299998,0.5,0
1.1597659,-0.00022518956,-0.00028282405,-0.019950035,1,0.98400003,0.98400003,0.5,0
1.183946,-0.00021111537,-0.00026514774,-0.018703172,1,0.98500001,0.98500001,0.5,0
1.2081261,-0.00019704118,-0.00024747144,-0.017456309,1,0.986,0.986,0.5,0
1.2323062,-0.00018296699,-0.00022979513,-0.016209445,1,0.98699999,0.98699999,0.5,0
1.2564862,-0.0001688928,-0.00021211883,-0.014962582,1,0.98799998,0.98799998,0.5,0
1.2806678,-0.00015481777,-0.00019444147,-0.013715645,1,0.98900002,0.98900002,0.5,0
1.3048479,-0.00014074358,-0.00017676516,-0.012468781,1,0.99000001,0.99000001,0.5,0
1.3290279,-0.00012666939,-0.00015908886,-0.011221918,1,0.991,0.991,0.5,0
1.353208,-0.0001125952,-0.00014141255,-0.0099750548,1,0.99199998,0.99199998,0.5,0
1.3773881,-9.8521011e-05,-0.00012373625,-0.0087281915,1,0.99299997,0.99299997,0.5,0
1.4015696,-8.4445982e-05,-0.00010605889,-0.0074812539,1,0.99400002,0.99400002,0.5,0
1.4257497,-7.0371791e-05,-8.8382581e-05,-0.0062343907,1,0.995,0.995,0.5,0
1.4499298,-5.6297601e-05,-7.0706275e-05,-0.0049875274,1,0.99599999,0.99599999,0.5,0
1.4741099,-4.222341e-05,-5.302997e-05,-0.0037406641,1,0.99699998,0.99699998,0.5,0
1.4982914,-2.8148381e-05,-3.5352611e-05,-0.0024937265,1,0.99800003,0.99800003,0.5,0
1.5224715,-1.407419e-05,-1.7676305e-05,-0.0012468633,1,0.99900001,0.99900001,0.5,0
1.5466516,-8.3644114e-19,0,0,1,1,1,0.5,0
