"omega","psi","vx","vy","vtkValidPointMask","arc_length","Points:0","Points:1","Points:2"
2.8033847e-24,6.1520684e-19,0,0,1,0,0.5,0,0
-3.5458115e-24,-4.0326946e-06,-0.00014853138,-5.2406927e-08,1,0.001,0.5,0.001,0
-9.8950077e-24,-8.0653892e-06,-0.00029706276,-1.0481385e-07,1,0.0020000001,0.5,0.0020000001,0
-1.6244203e-23,-1.2098083e-05,-0.00044559412,-1.5722077e-07,1,0.003,0.5,0.003,0
-2.25934e-23,-1.6130778e-05,-0.00059412551,-2.0962771e-07,1,0.0040000002,0.5,0.0040000002,0
-2.8942594e-23,-2.0163471e-05,-0.00074265684,-2.6203462e-07,1,0.0049999999,0.5,0.0049999999,0
-3.5291791e-23,-2.4196167e-05,-0.00089118824,-3.1444155e-07,1,0.0060000001,0.5,0.0060000001,0
-4.1640988e-23,-2.8228862e-05,-0.0010397196,-3.6684848e-07,1,0.0070000002,0.5,0.0070000002,0
-4.7990185e-23,-3.2261557e-05,-0.001188251,-4.1925541e-07,1,0.0080000004,0.5,0.0080000004,0
-5.4339376e-23,-3.6294248e-05,-0.0013367823,-4.716623e-07,1,0.0089999996,0.5,0.0089999996,0
-6.0688573e-23,-4.0326943e-05,-0.0014853137,-5.2406923e-07,1,0.0099999998,0.5,0.0099999998,0
-6.703777e-23,-4.4359638e-05,-0.0016338451,-5.7647616e-07,1,0.011,0.5,0.011,0
-7.3386967e-23,-4.8392333e-05,-0.0017823765,-6.288831e-07,1,0.012,0.5,0.012,0
-7.9736164e-23,-5.2425028e-05,-0.0019309079,-6.8129003e-07,1,0.013,0.5,0.013,0
-8.6085361e-23,-5.6457723e-05,-0.0020794393,-7.3369696e-07,1,0.014,0.5,0.014,0
-9.2434552e-23,-6.0490414e-05,-0.0022279705,-7.8610385e-07,1,0.015,0.5,0.015,0
-9.8783755e-23,-6.4523113e-05,-0.0023765021,-8.3851083e-07,1,0.016000001,0.5,0.016000001,0
-1.0513295e-22,-6.8555808e-05,-0.0025250335,-8.9091776e-07,1,0.017000001,0.5,0.017000001,0
-1.1148214e-22,-7.2588496e-05,-0.0026735646,-9.433246e-07,1,0.017999999,0.5,0.017999999,0
-1.1783133e-22,-7.6621191e-05,-0.002822096,-9.9573153e-07,1,0.018999999,0.5,0.018999999,0
-1.2418053e-22,-8.0653886e-05,-0.0029706274,-1.0481385e-06,1,0.02,0.5,0.02,0
-1.3052973e-22,-8.4686581e-05,-0.0031191588,-1.1005454e-06,1,0.021,0.5,0.021,0
-1.3687892e-22,-8.8719276e-05,-0.0032676902,-1.1529523e-06,1,0.022,0.5,0.022,0
-1.4322812e-22,-9.2751971e-05,-0.0034162215,-1.2053593e-06,1,0.023,0.5,0.023,0
-1.4957732e-22,-9.6784666e-05,-0.0035647529,-1.2577662e-06,1,0.024,0.5,0.024,0
-1.5592652e-22,-0.00010081736,-0.0037132843,-1.3101731e-06,1,0.025,0.5,0.025,0
-1.6227571e-22,-0.00010485006,-0.0038618157,-1.3625801e-06,1,0.026000001,0.5,0.026000001,0
-1.6721905e-22,-0.00010887618,-0.0039821956,-3.1387021e-07,1,0.027000001,0.5,0.027000001,0
-1.5016204e-22,-0.00011292375,-0.0040457041,4.3267801e-07,1,0.028000001,0.5,0.028000001,0
-1.0775195e-22,-0.00011699712,-0.0040470598,6.7630114e-07,1,0.028999999,0.5,0.028999999,0
-6.534178e-23,-0.00012107049,-0.0040484155,9.1992472e-07,1,0.029999999,0.5,0.029999999,0
-2.293161e-23,-0.00012514387,-0.0040497712,1.1635483e-06,1,0.030999999,0.5,0.030999999,0
1.9478639e-23,-0.00012921725,-0.0040511269,1.4071723e-06,1,0.032000002,0.5,0.032000002,0
5.9152772e-23,-0.00013328742,-0.004052487,1.5188751e-06,1,0.033,0.5,0.033,0
9.4595574e-23,-0.00013735265,-0.0040538538,1.4265482e-06,1,0.034000002,0.5,0.034000002,0
1.3003824e-22,-0.00014141787,-0.0040552206,1.3342216e-06,1,0.035,0.5,0.035,0
1.6548091e-22,-0.00014548309,-0.0040565874,1.241895e-06,1,0.035999998,0.5,0.035999998,0
2.0092372e-22,-0.00014954832,-0.0040579542,1.1495681e-06,1,0.037,0.5,0.037,0
2.3636639e-22,-0.00015361354,-0.004059321,1.0572415e-06,1,0.037999999,0.5,0.037999999,0
2.7180919e-22,-0.00015767877,-0.0040606878,9.6491459e-07,1,0.039000001,0.5,0.039000001,0
3.0725186e-22,-0.00016174399,-0.0040620545,8.7258801e-07,1,0.039999999,0.5,0.039999999,0
3.4269466e-22,-0.00016580922,-0.0040634213,7.8026108e-07,1,0.041000001,0.5,0.041000001,0
3.7813733e-22,-0.00016987444,-0.0040647881,6.879345e-07,1,0.041999999,0.5,0.041999999,0
4.1358013e-22,-0.00017393968,-0.0040661549,5.9560757e-07,1,0.043000001,0.5,0.043000001,0
4.490228e-22,-0.00017800489,-0.0040675217,5.0328099e-07,1,0.044,0.5,0.044,0
4.8446561e-22,-0.00018207013,-0.0040688885,4.1095406e-07,1,0.045000002,0.5,0.045000002,0
5.1990828e-22,-0.00018613534,-0.0040702553,3.1862748e-07,1,0.046,0.5,0.046,0
5.5535095e-22,-0.00019020056,-0.0040716221,2.2630089e-07,1,0.046999998,0.5,0.046999998,0
5.9079375e-22,-0.0001942658,-0.0040729889,1.3397397e-07,1,0.048,0.5,0.048,0
6.2623642e-22,-0.00019833101,-0.0040743557,4.1647382e-08,1,0.048999999,0.5,0.048999999,0
6.6167922e-22,-0.00020239625,-0.0040757225,-5.0679545e-08,1,0.050000001,0.5,0.050000001,0
6.9712189e-22,-0.00020646147,-0.0040770893,-1.4300613e-07,1,0.050999999,0.5,0.050999999,0
7.3256469e-22,-0.0002105267,-0.0040784561,-2.3533306e-07,1,0.052000001,0.5,0.052000001,0
7.6800736e-22,-0.00021459192,-0.0040798229,-3.2765964e-07,1,0.052999999,0.5,0.052999999,0
8.0345017e-22,-0.00021865715,-0.0040811897,-4.1998657e-07,1,0.054000001,0.5,0.054000001,0
8.3889284e-22,-0.00022272237,-0.0040825565,-5.1231315e-07,1,0.055,0.5,0.055,0
8.7433564e-22,-0.0002267876,-0.0040839233,-6.0464008e-07,1,0.056000002,0.5,0.056000002,0
9.0977831e-22,-0.00023085282,-0.0040852901,-6.9696666e-07,1,0.057,0.5,0.057,0
9.4522098e-22,-0.00023491804,-0.0040866569,-7.8929324e-07,1,0.057999998,0.5,0.057999998,0
9.8066378e-22,-0.00023898327,-0.0040880237,-8.8162017e-07,1,0.059,0.5,0.059,0
1.0161065e-21,-0.00024304849,-0.0040893905,-9.7394676e-07,1,0.059999999,0.5,0.059999999,0
9.9967516e-22,-0.00024711854,-0.0040908929,-1.032333e-06,1,0.061000001,0.5,0.061000001,0
7.1867961e-22,-0.00025121315,-0.0040930866,-9.1761731e-07,1,0.061999999,0.5,0.061999999,0
4.3768303e-22,-0.00025530777,-0.0040952803,-8.0290119e-07,1,0.063000001,0.5,0.063000001,0
1.5668644e-22,-0.00025940239,-0.0040974741,-6.8818508e-07,1,0.064000003,0.5,0.064000003,0
-1.2430806e-22,-0.00026349699,-0.0040996678,-5.7346981e-07,1,0.064999998,0.5,0.064999998,0
-4.0530464e-22,-0.00026759161,-0.0041018616,-4.587537e-07,1,0.066,0.5,0.066,0
-5.923879e-22,-0.00027172064,-0.0041052096,-7.09502e-07,1,0.067000002,0.5,0.067000002,0
-7.6534749e-22,-0.00027585484,-0.0041087311,-1.0152127e-06,1,0.068000004,0.5,0.068000004,0
-9.3830579e-22,-0.00027998902,-0.0041122527,-1.320921e-06,1,0.068999998,0.5,0.068999998,0
-1.1112654e-21,-0.00028412322,-0.0041157743,-1.6266317e-06,1,0.07,0.5,0.07,0
-1.284225e-21,-0.00028825743,-0.0041192959,-1.9323424e-06,1,0.071000002,0.5,0.071000002,0
-1.4571833e-21,-0.0002923916,-0.0041228174,-2.2380507e-06,1,0.071999997,0.5,0.071999997,0
-1.6301429e-21,-0.0002965258,-0.004126339,-2.5437614e-06,1,0.072999999,0.5,0.072999999,0
-1.8031025e-21,-0.00030066001,-0.0041298606,-2.8494721e-06,1,0.074000001,0.5,0.074000001,0
-1.976062e-21,-0.00030479421,-0.0041333822,-3.1551827e-06,1,0.075000003,0.5,0.075000003,0
-2.1490203e-21,-0.00030892839,-0.0041369038,-3.4608911e-06,1,0.075999998,0.5,0.075999998,0
-2.3219799e-21,-0.00031306259,-0.0041404254,-3.7666018e-06,1,0.077,0.5,0.077,0
-2.4949395e-21,-0.0003171968,-0.0041439469,-4.0723124e-06,1,0.078000002,0.5,0.078000002,0
-2.6678991e-21,-0.000321331,-0.0041474685,-4.3780231e-06,1,0.079000004,0.5,0.079000004,0
-2.8408574e-21,-0.00032546517,-0.0041509901,-4.6837315e-06,1,0.079999998,0.5,0.079999998,0
-3.013817e-21,-0.00032959938,-0.0041545117,-4.9894421e-06,1,0.081,0.5,0.081,0
-3.1867766e-21,-0.00033373358,-0.0041580333,-5.2951528e-06,1,0.082000002,0.5,0.082000002,0
-3.3597349e-21,-0.00033786776,-0.0041615548,-5.6008611e-06,1,0.082999997,0.5,0.082999997,0
-3.5326945e-21,-0.00034200196,-0.0041650764,-5.9065718e-06,1,0.083999999,0.5,0.083999999,0
-3.7056541e-21,-0.00034613617,-0.004168598,-6.2122825e-06,1,0.085000001,0.5,0.085000001,0
-3.62104e-21,-0.00035030546,-0.0041723414,-6.6697451e-06,1,0.086000003,0.5,0.086000003,0
-3.2194792e-21,-0.00035451791,-0.0041763576,-7.3139367e-06,1,0.086999997,0.5,0.086999997,0
-2.8179154e-21,-0.00035873039,-0.0041803739,-7.9581331e-06,1,0.088,0.5,0.088,0
-2.4163517e-21,-0.00036294287,-0.0041843901,-8.6023295e-06,1,0.089000002,0.5,0.089000002,0
-2.0147879e-21,-0.00036715535,-0.0041884064,-9.2465259e-06,1,0.090000004,0.5,0.090000004,0
-1.6132272e-21,-0.0003713678,-0.0041924226,-9.8907175e-06,1,0.090999998,0.5,0.090999998,0
-1.2116634e-21,-0.00037558028,-0.0041964389,-1.0534914e-05,1,0.092,0.5,0.092,0
-8.1009969e-22,-0.00037979276,-0.0042004552,-1.117911e-05,1,0.093000002,0.5,0.093000002,0
-4.0853894e-22,-0.00038400521,-0.0042044714,-1.1823302e-05,1,0.093999997,0.5,0.093999997,0
-6.9751865e-24,-0.00038821769,-0.0042084876,-1.2467498e-05,1,0.094999999,0.5,0.094999999,0
3.9458856e-22,-0.00039243017,-0.0042125039,-1.3111695e-05,1,0.096000001,0.5,0.096000001,0
7.9615231e-22,-0.00039664266,-0.0042165202,-1.3755891e-05,1,0.097000003,0.5,0.097000003,0
1.639329e-21,-0.00040086412,-0.0042202719,-1.3147022e-05,1,0.097999997,0.5,0.097999997,0
2.7115969e-21,-0.00040509028,-0.0042238865,-1.1888133e-05,1,0.098999999,0.5,0.098999999,0
3.7838648e-21,-0.00040931645,-0.0042275011,-1.0629243e-05,1,0.1,0.5,0.1,0
4.8561326e-21,-0.00041354262,-0.0042311157,-9.3703536e-06,1,0.101,0.5,0.101,0
5.9283925e-21,-0.00041776875,-0.0042347303,-8.1114735e-06,1,0.102,0.5,0.102,0
7.0006604e-21,-0.00042199492,-0.0042383449,-6.852584e-06,1,0.103,0.5,0.103,0
8.0729283e-21,-0.00042622109,-0.0042419595,-5.5936945e-06,1,0.104,0.5,0.104,0
9.1451882e-21,-0.00043044722,-0.0042455741,-4.3348144e-06,1,0.105,0.5,0.105,0
1.0217456e-20,-0.00043467339,-0.0042491887,-3.0759249e-06,1,0.106,0.5,0.106,0
1.1289724e-20,-0.00043889956,-0.0042528033,-1.8170355e-06,1,0.107,0.5,0.107,0
1.2361992e-20,-0.00044312572,-0.0042564179,-5.5814597e-07,1,0.108,0.5,0.108,0
9.3634104e-21,-0.000447433,-0.0042613223,-4.4010462e-07,1,0.109,0.5,0.109,0
6.3448593e-21,-0.0004517407,-0.004266233,-3.2765254e-07,1,0.11,0.5,0.11,0
3.3263082e-21,-0.0004560484,-0.0042711438,-2.1520045e-07,1,0.111,0.5,0.111,0
3.0775713e-22,-0.0004603561,-0.0042760545,-1.0274837e-07,1,0.112,0.5,0.112,0
-2.7107715e-21,-0.00046466377,-0.0042809652,9.702879e-09,1,0.113,0.5,0.113,0
-5.7293225e-21,-0.00046897147,-0.004285876,1.2215496e-07,1,0.114,0.5,0.114,0
-8.7478736e-21,-0.00047327918,-0.0042907867,2.3460705e-07,1,0.115,0.5,0.115,0
-1.1766402e-20,-0.00047758685,-0.0042956974,3.470583e-07,1,0.116,0.5,0.116,0
-1.4784953e-20,-0.00048189455,-0.0043006082,4.5951038e-07,1,0.117,0.5,0.117,0
-1.7803504e-20,-0.00048620225,-0.0043055189,5.7196246e-07,1,0.118,0.5,0.118,0
-2.0822055e-20,-0.00049050995,-0.0043104297,6.8441455e-07,1,0.119,0.5,0.119,0
-2.3840584e-20,-0.00049481762,-0.0043153404,7.968658e-07,1,0.12,0.5,0.12,0
-2.6859135e-20,-0.00049912533,-0.0043202511,9.0931788e-07,1,0.121,0.5,0.121,0
-2.9877686e-20,-0.00050343303,-0.0043251619,1.02177e-06,1,0.122,0.5,0.122,0
-3.2896237e-20,-0.00050774073,-0.0043300726,1.134222e-06,1,0.123,0.5,0.123,0
-3.5914766e-20,-0.0005120484,-0.0043349833,1.2466733e-06,1,0.124,0.5,0.124,0
-3.8933317e-20,-0.0005163561,-0.0043398941,1.3591254e-06,1,0.125,0.5,0.125,0
-4.2258933e-20,-0.00052065856,-0.0043450908,1.6413265e-06,1,0.126,0.5,0.126,0
-4.558535e-20,-0.000524961,-0.0043502882,1.9239708e-06,1,0.127,0.5,0.127,0
-4.8911767e-20,-0.00052926344,-0.0043554856,2.2066151e-06,1,0.12800001,0.5,0.12800001,0
-5.2238135e-20,-0.00053356582,-0.004360683,2.4892552e-06,1,0.12899999,0.5,0.12899999,0
-5.5564552e-20,-0.00053786826,-0.0043658804,2.7718995e-06,1,0.13,0.5,0.13,0
-5.889097e-20,-0.0005421707,-0.0043710778,3.0545438e-06,1,0.131,0.5,0.131,0
-6.2217387e-20,-0.00054647315,-0.0043762752,3.337188e-06,1,0.132,0.5,0.132,0
-6.5543804e-20,-0.00055077559,-0.0043814727,3.6198323e-06,1,0.133,0.5,0.133,0
-6.6686545e-20,-0.00055510944,-0.0043868332,3.9169727e-06,1,0.134,0.5,0.134,0
-5.6622453e-20,-0.00055960448,-0.0043930311,4.2885082e-06,1,0.13500001,0.5,0.13500001,0
-4.655836e-20,-0.00056409952,-0.004399229,4.6600438e-06,1,0.13600001,0.5,0.13600001,0
-3.6494417e-20,-0.0005685945,-0.0044054268,5.0315738e-06,1,0.13699999,0.5,0.13699999,0
-2.6430324e-20,-0.00057308954,-0.0044116246,5.4031093e-06,1,0.138,0.5,0.138,0
-1.6366231e-20,-0.00057758458,-0.0044178225,5.7746448e-06,1,0.139,0.5,0.139,0
-6.3021385e-21,-0.00058207962,-0.0044240204,6.1461804e-06,1,0.14,0.5,0.14,0
3.7619544e-21,-0.00058657466,-0.0044302183,6.5177159e-06,1,0.141,0.5,0.141,0
1.3826047e-20,-0.0005910697,-0.0044364162,6.8892515e-06,1,0.142,0.5,0.142,0
2.389014e-20,-0.00059556475,-0.004442614,7.260787e-06,1,0.14300001,0.5,0.14300001,0
3.3954083e-20,-0.00060005972,-0.0044488118,7.632317e-06,1,0.14399999,0.5,0.14399999,0
4.4018176e-20,-0.00060455476,-0.0044550097,8.0038525e-06,1,0.145,0.5,0.145,0
5.4082268e-20,-0.0006090498,-0.0044612076,8.3753881e-06,1,0.146,0.5,0.146,0
6.4146361e-20,-0.00061354485,-0.0044674054,8.7469236e-06,1,0.147,0.5,0.147,0
7.5318579e-20,-0.00061800179,-0.0044730558,8.097203e-06,1,0.148,0.5,0.148,0
8.6680776e-20,-0.0006224522,-0.0044786123,7.2723971e-06,1,0.149,0.5,0.149,0
9.8042972e-20,-0.00062690261,-0.0044841687,6.4475912e-06,1,0.15000001,0.5,0.15000001,0
1.09405e-19,-0.00063135296,-0.0044897251,5.6227975e-06,1,0.15099999,0.5,0.15099999,0
1.207672e-19,-0.00063580337,-0.0044952816,4.7979916e-06,1,0.152,0.5,0.152,0
1.3212939e-19,-0.00064025378,-0.0045008381,3.9731857e-06,1,0.153,0.5,0.153,0
1.4349159e-19,-0.0006447042,-0.0045063946,3.1483798e-06,1,0.154,0.5,0.154,0
1.5485379e-19,-0.00064915461,-0.0045119511,2.3235738e-06,1,0.155,0.5,0.155,0
1.6621598e-19,-0.00065360502,-0.0045175075,1.4987679e-06,1,0.156,0.5,0.156,0
1.7757818e-19,-0.00065805543,-0.004523064,6.7396198e-07,1,0.15700001,0.5,0.15700001,0
1.8894037e-19,-0.00066250584,-0.0045286205,-1.5084395e-07,1,0.15800001,0.5,0.15800001,0
2.003024e-19,-0.00066695619,-0.0045341769,-9.7563759e-07,1,0.15899999,0.5,0.15899999,0
2.116646e-19,-0.0006714066,-0.0045397334,-1.8004435e-06,1,0.16,0.5,0.16,0
2.2302679e-19,-0.00067585701,-0.0045452898,-2.6252494e-06,1,0.161,0.5,0.161,0
2.3438899e-19,-0.00068030742,-0.0045508463,-3.4500554e-06,1,0.162,0.5,0.162,0
2.4575119e-19,-0.00068475784,-0.0045564028,-4.2748613e-06,1,0.163,0.5,0.163,0
2.5711338e-19,-0.00068920825,-0.0045619593,-5.0996672e-06,1,0.164,0.5,0.164,0
2.0530438e-19,-0.00069382182,-0.0045685807,-5.3483241e-06,1,0.16500001,0.5,0.16500001,0
1.2679996e-19,-0.00069850428,-0.0045756521,-5.3534963e-06,1,0.16599999,0.5,0.16599999,0
4.8294377e-20,-0.00070318681,-0.0045827235,-5.3586687e-06,1,0.167,0.5,0.167,0
-3.021121e-20,-0.00070786934,-0.004589795,-5.363841e-06,1,0.168,0.5,0.168,0
-1.087168e-19,-0.00071255187,-0.0045968665,-5.3690133e-06,1,0.169,0.5,0.169,0
-1.8722238e-19,-0.00071723439,-0.0046039379,-5.3741856e-06,1,0.17,0.5,0.17,0
-2.6572797e-19,-0.00072191692,-0.0046110094,-5.3793579e-06,1,0.171,0.5,0.171,0
-3.4423356e-19,-0.00072659945,-0.0046180809,-5.3845302e-06,1,0.17200001,0.5,0.17200001,0
-4.2273798e-19,-0.00073128191,-0.0046251523,-5.3897025e-06,1,0.17299999,0.5,0.17299999,0
-5.0124356e-19,-0.00073596444,-0.0046322237,-5.3948748e-06,1,0.17399999,0.5,0.17399999,0
-5.7974915e-19,-0.00074064697,-0.0046392952,-5.4000471e-06,1,0.175,0.5,0.175,0
-6.5825474e-19,-0.00074532949,-0.0046463667,-5.4052194e-06,1,0.176,0.5,0.176,0
-7.3676032e-19,-0.00075001202,-0.0046534382,-5.4103917e-06,1,0.177,0.5,0.177,0
-8.1526591e-19,-0.00075469455,-0.0046605096,-5.415564e-06,1,0.178,0.5,0.178,0
-8.937715e-19,-0.00075937708,-0.0046675811,-5.4207363e-06,1,0.17900001,0.5,0.17900001,0
-9.7227708e-19,-0.00076405961,-0.0046746526,-5.4259087e-06,1,0.18000001,0.5,0.18000001,0
-1.0507815e-18,-0.00076874206,-0.0046817239,-5.4310809e-06,1,0.18099999,0.5,0.18099999,0
-1.1292871e-18,-0.00077342459,-0.0046887954,-5.4362532e-06,1,0.182,0.5,0.182,0
-1.2077927e-18,-0.00077810712,-0.0046958669,-5.4414255e-06,1,0.183,0.5,0.183,0
-1.2862983e-18,-0.00078278965,-0.0047029384,-5.4465978e-06,1,0.184,0.5,0.184,0
-1.3648039e-18,-0.00078747218,-0.0047100098,-5.4517702e-06,1,0.185,0.5,0.185,0
-1.4433094e-18,-0.00079215471,-0.0047170813,-5.4569425e-06,1,0.186,0.5,0.186,0
-1.521815e-18,-0.00079683723,-0.0047241528,-5.4621148e-06,1,0.18700001,0.5,0.18700001,0
-1.6003194e-18,-0.00080151969,-0.0047312242,-5.467287e-06,1,0.18799999,0.5,0.18799999,0
-1.678825e-18,-0.00080620222,-0.0047382956,-5.4724593e-06,1,0.189,0.5,0.189,0
-1.7270683e-18,-0.00081088163,-0.004745377,-5.7284092e-06,1,0.19,0.5,0.19,0
-1.7010695e-18,-0.00081555339,-0.0047524828,-6.5995879e-06,1,0.191,0.5,0.191,0
-1.6750708e-18,-0.00082022516,-0.0047595886,-7.4707667e-06,1,0.192,0.5,0.192,0
-1.649072e-18,-0.00082489692,-0.0047666943,-8.3419455e-06,1,0.193,0.5,0.193,0
-1.2751266e-18,-0.00082977061,-0.0047755417,-8.5040798e-06,1,0.19400001,0.5,0.19400001,0
-8.4197642e-19,-0.00083467858,-0.0047846854,-8.5455531e-06,1,0.19499999,0.5,0.19499999,0
-4.0881981e-19,-0.00083958663,-0.0047938292,-8.5870271e-06,1,0.19599999,0.5,0.19599999,0
2.4336796e-20,-0.00084449467,-0.004802973,-8.628501e-06,1,0.197,0.5,0.197,0
4.5749341e-19,-0.00084940272,-0.0048121168,-8.6699749e-06,1,0.198,0.5,0.198,0
8.9065002e-19,-0.00085431077,-0.0048212605,-8.7114489e-06,1,0.199,0.5,0.199,0
1.3238066e-18,-0.00085921881,-0.0048304043,-8.7529228e-06,1,0.2,0.5,0.2,0
1.7569632e-18,-0.00086412686,-0.0048395481,-8.7943968e-06,1,0.20100001,0.5,0.20100001,0
2.1901198e-18,-0.00086903491,-0.0048486919,-8.8358707e-06,1,0.20200001,0.5,0.20200001,0
2.62327e-18,-0.00087394288,-0.0048578356,-8.877344e-06,1,0.20299999,0.5,0.20299999,0
3.0564266e-18,-0.00087885093,-0.0048669794,-8.9188179e-06,1,0.204,0.5,0.204,0
3.4895832e-18,-0.00088375898,-0.0048761231,-8.9602919e-06,1,0.205,0.5,0.205,0
3.9227398e-18,-0.00088866702,-0.0048852669,-9.0017658e-06,1,0.206,0.5,0.206,0
4.3558964e-18,-0.00089357507,-0.0048944107,-9.0432397e-06,1,0.207,0.5,0.207,0
4.7700217e-18,-0.00089846403,-0.0049034318,-9.0130606e-06,1,0.208,0.5,0.208,0
5.1595585e-18,-0.00090332832,-0.0049122944,-8.8903059e-06,1,0.20900001,0.5,0.20900001,0
5.5490895e-18,-0.00090819255,-0.0049211568,-8.7675529e-06,1,0.20999999,0.5,0.20999999,0
5.9386263e-18,-0.00091305685,-0.0049300194,-8.6447982e-06,1,0.211,0.5,0.211,0
6.3281631e-18,-0.00091792114,-0.0049388819,-8.5220434e-06,1,0.212,0.5,0.212,0
6.7176999e-18,-0.00092278544,-0.0049477445,-8.3992887e-06,1,0.213,0.5,0.213,0
7.1072367e-18,-0.00092764974,-0.004956607,-8.2765339e-06,1,0.214,0.5,0.214,0
7.4967735e-18,-0.00093251403,-0.0049654696,-8.1537792e-06,1,0.215,0.5,0.215,0
7.8863103e-18,-0.00093737833,-0.0049743322,-8.0310244e-06,1,0.21600001,0.5,0.21600001,0
8.2758413e-18,-0.00094224255,-0.0049831946,-7.9082715e-06,1,0.21699999,0.5,0.21699999,0
8.6653781e-18,-0.00094710685,-0.0049920572,-7.7855168e-06,1,0.21799999,0.5,0.21799999,0
9.0549149e-18,-0.00095197115,-0.0050009197,-7.662762e-06,1,0.219,0.5,0.219,0
9.219359e-18,-0.00095700283,-0.0050094211,-7.2359949e-06,1,0.22,0.5,0.22,0
9.3151689e-18,-0.00096205077,-0.0050179382,-6.7980721e-06,1,0.221,0.5,0.221,0
8.0838733e-18,-0.00096715869,-0.0050276801,-6.7408466e-06,1,0.222,0.5,0.222,0
6.8525777e-18,-0.00097226662,-0.005037422,-6.6836212e-06,1,0.223,0.5,0.223,0
5.6212821e-18,-0.00097737454,-0.005047164,-6.6263958e-06,1,0.22400001,0.5,0.22400001,0
4.3900048e-18,-0.00098248238,-0.0050569057,-6.5691712e-06,1,0.22499999,0.5,0.22499999,0
3.1587092e-18,-0.0009875903,-0.0050666476,-6.5119457e-06,1,0.226,0.5,0.226,0
1.9274136e-18,-0.00099269822,-0.0050763896,-6.4547203e-06,1,0.227,0.5,0.227,0
6.9611804e-19,-0.00099780614,-0.0050861315,-6.3974949e-06,1,0.228,0.5,0.228,0
-5.3517755e-19,-0.0010029141,-0.0050958734,-6.3402694e-06,1,0.229,0.5,0.229,0
-1.7664732e-18,-0.001008022,-0.0051056153,-6.283044e-06,1,0.23,0.5,0.23,0
-2.9977687e-18,-0.0010131299,-0.0051153572,-6.2258185e-06,1,0.23100001,0.5,0.23100001,0
-4.229046e-18,-0.0010182377,-0.005125099,-6.1685939e-06,1,0.23199999,0.5,0.23199999,0
-5.4603416e-18,-0.0010233457,-0.0051348409,-6.1113685e-06,1,0.233,0.5,0.233,0
-6.6916372e-18,-0.0010284536,-0.0051445828,-6.0541431e-06,1,0.234,0.5,0.234,0
-7.9229328e-18,-0.0010335615,-0.0051543247,-5.9969176e-06,1,0.235,0.5,0.235,0
-9.1542284e-18,-0.0010386694,-0.0051640667,-5.9396922e-06,1,0.236,0.5,0.236,0
-1.0385524e-17,-0.0010437774,-0.0051738086,-5.8824667e-06,1,0.237,0.5,0.237,0
-1.161682e-17,-0.0010488853,-0.0051835505,-5.8252413e-06,1,0.23800001,0.5,0.23800001,0
-1.2848097e-17,-0.0010539931,-0.0051932923,-5.7680167e-06,1,0.23899999,0.5,0.23899999,0
-1.4079392e-17,-0.001059101,-0.0052030342,-5.7107913e-06,1,0.23999999,0.5,0.23999999,0
-1.5310688e-17,-0.001064209,-0.0052127761,-5.6535658e-06,1,0.241,0.5,0.241,0
-1.6541984e-17,-0.0010693169,-0.005222518,-5.5963404e-06,1,0.242,0.5,0.242,0
-1.7773279e-17,-0.0010744248,-0.0052322599,-5.5391149e-06,1,0.243,0.5,0.243,0
-1.9004575e-17,-0.0010795327,-0.0052420018,-5.4818895e-06,1,0.244,0.5,0.244,0
-2.023587e-17,-0.0010846406,-0.0052517438,-5.424664e-06,1,0.245,0.5,0.245,0
-2.0970313e-17,-0.0010899274,-0.0052658187,-3.3040988e-06,1,0.24600001,0.5,0.24600001,0
-2.1568884e-17,-0.001095263,-0.0052810783,-6.193625e-07,1,0.24699999,0.5,0.24699999,0
-2.2167464e-17,-0.0011005987,-0.0052963381,2.0654138e-06,1,0.248,0.5,0.248,0
-2.2766044e-17,-0.0011059344,-0.005311598,4.7501901e-06,1,0.249,0.5,0.249,0
-2.3364624e-17,-0.0011112701,-0.0053268578,7.4349664e-06,1,0.25,0.5,0.25,0
-2.3963195e-17,-0.0011166057,-0.0053421174,1.0119703e-05,1,0.25099999,0.5,0.25099999,0
-2.2893786e-17,-0.0011219726,-0.0053561232,1.1654375e-05,1,0.252,0.5,0.252,0
-1.5802368e-17,-0.0011274518,-0.0053656007,9.036593e-06,1,0.25299999,0.5,0.25299999,0
-8.7107382e-18,-0.0011329312,-0.0053750784,6.4187327e-06,1,0.25400001,0.5,0.25400001,0
-1.6193202e-18,-0.0011384104,-0.0053845558,3.8009505e-06,1,0.255,0.5,0.255,0
5.4723091e-18,-0.0011438898,-0.0053940335,1.1830902e-06,1,0.25600001,0.5,0.25600001,0
1.2563727e-17,-0.0011493691,-0.005403511,-1.434692e-06,1,0.257,0.5,0.257,0
1.9655145e-17,-0.0011548483,-0.0054129884,-4.0524743e-06,1,0.25799999,0.5,0.25799999,0
2.6746774e-17,-0.0011603277,-0.0054224661,-6.6703345e-06,1,0.259,0.5,0.259,0
3.3838192e-17,-0.0011658069,-0.0054319436,-9.2881168e-06,1,0.25999999,0.5,0.25999999,0
4.0929822e-17,-0.0011712863,-0.0054414213,-1.1905977e-05,1,0.26100001,0.5,0.26100001,0
4.802124e-17,-0.0011767655,-0.0054508987,-1.4523759e-05,1,0.26199999,0.5,0.26199999,0
5.5112869e-17,-0.0011822449,-0.0054603764,-1.714162e-05,1,0.26300001,0.5,0.26300001,0
6.2204287e-17,-0.0011877241,-0.0054698539,-1.9759402e-05,1,0.264,0.5,0.264,0
6.9295705e-17,-0.0011932033,-0.0054793313,-2.2377184e-05,1,0.26499999,0.5,0.26499999,0
7.6387334e-17,-0.0011986827,-0.005488809,-2.4995044e-05,1,0.266,0.5,0.266,0
8.3478752e-17,-0.001204162,-0.0054982865,-2.7612827e-05,1,0.26699999,0.5,0.26699999,0
9.0570382e-17,-0.0012096413,-0.0055077642,-3.0230687e-05,1,0.26800001,0.5,0.26800001,0
9.76618e-17,-0.0012151206,-0.0055172416,-3.2848469e-05,1,0.26899999,0.5,0.26899999,0
1.0475343e-16,-0.0012206,-0.0055267193,-3.5466329e-05,1,0.27000001,0.5,0.27000001,0
1.1184485e-16,-0.0012260792,-0.0055361968,-3.8084112e-05,1,0.271,0.5,0.271,0
1.1893648e-16,-0.0012315586,-0.0055456745,-4.0701972e-05,1,0.27200001,0.5,0.27200001,0
1.2602789e-16,-0.0012370378,-0.0055551519,-4.3319754e-05,1,0.273,0.5,0.273,0
1.3204912e-16,-0.001242566,-0.0055646929,-4.5059721e-05,1,0.27399999,0.5,0.27399999,0
1.3462337e-16,-0.0012482519,-0.005574439,-4.3972253e-05,1,0.27500001,0.5,0.27500001,0
1.3719754e-16,-0.0012539378,-0.0055841848,-4.2884817e-05,1,0.27599999,0.5,0.27599999,0
1.0579264e-16,-0.0012596168,-0.0055964093,-3.8597512e-05,1,0.27700001,0.5,0.27700001,0
6.5026388e-17,-0.0012652939,-0.0056093163,-3.3428683e-05,1,0.278,0.5,0.278,0
2.425892e-17,-0.001270971,-0.0056222237,-2.82597e-05,1,0.27900001,0.5,0.27900001,0
-1.6507333e-17,-0.0012766481,-0.0056351307,-2.3090871e-05,1,0.28,0.5,0.28,0
-5.7273586e-17,-0.0012823251,-0.0056480378,-1.7922041e-05,1,0.28099999,0.5,0.28099999,0
-9.8041054e-17,-0.0012880023,-0.0056609452,-1.2753058e-05,1,0.28200001,0.5,0.28200001,0
-1.3880731e-16,-0.0012936793,-0.0056738522,-7.5842293e-06,1,0.28299999,0.5,0.28299999,0
-1.7957478e-16,-0.0012993565,-0.0056867596,-2.4152462e-06,1,0.28400001,0.5,0.28400001,0
-2.2034103e-16,-0.0013050335,-0.0056996666,2.7535829e-06,1,0.285,0.5,0.285,0
-2.611085e-16,-0.0013107107,-0.005712574,7.922566e-06,1,0.28600001,0.5,0.28600001,0
-3.0187475e-16,-0.0013163877,-0.0057254811,1.3091395e-05,1,0.287,0.5,0.287,0
-3.42641e-16,-0.0013220647,-0.0057383881,1.8260224e-05,1,0.28799999,0.5,0.28799999,0
-3.8340847e-16,-0.0013277419,-0.0057512955,2.3429207e-05,1,0.289,0.5,0.289,0
-4.2417472e-16,-0.0013334189,-0.0057642025,2.8598036e-05,1,0.28999999,0.5,0.28999999,0
-4.6494219e-16,-0.0013390961,-0.0057771099,3.376702e-05,1,0.29100001,0.5,0.29100001,0
-5.0570845e-16,-0.0013447731,-0.005790017,3.8935849e-05,1,0.292,0.5,0.292,0
-5.4647591e-16,-0.0013504503,-0.0058029244,4.4104832e-05,1,0.29300001,0.5,0.29300001,0
-5.474428e-16,-0.0013561563,-0.0058154448,4.6976284e-05,1,0.294,0.5,0.294,0
-3.7347943e-16,-0.0013619899,-0.0058262663,3.9750069e-05,1,0.29499999,0.5,0.29499999,0
-1.9951088e-16,-0.0013678236,-0.005837088,3.2523639e-05,1,0.296,0.5,0.296,0
-2.5547519e-17,-0.0013736572,-0.0058479095,2.5297425e-05,1,0.29699999,0.5,0.29699999,0
1.4842103e-16,-0.0013794909,-0.0058587312,1.8070995e-05,1,0.29800001,0.5,0.29800001,0
3.2238439e-16,-0.0013853245,-0.0058695526,1.0844781e-05,1,0.29899999,0.5,0.29899999,0
4.9635294e-16,-0.0013911582,-0.0058803744,3.618351e-06,1,0.30000001,0.5,0.30000001,0
6.7031631e-16,-0.0013969918,-0.0058911958,-3.6078634e-06,1,0.301,0.5,0.301,0
8.4427967e-16,-0.0014028253,-0.0059020172,-1.0834078e-05,1,0.30199999,0.5,0.30199999,0
1.0182482e-15,-0.0014086591,-0.005912839,-1.8060508e-05,1,0.303,0.5,0.303,0
1.1922116e-15,-0.0014144926,-0.0059236604,-2.5286722e-05,1,0.30399999,0.5,0.30399999,0
1.3661801e-15,-0.0014203264,-0.0059344822,-3.2513152e-05,1,0.30500001,0.5,0.30500001,0
1.4781684e-15,-0.0014262627,-0.0059474263,-3.6174297e-05,1,0.30599999,0.5,0.30599999,0
1.499213e-15,-0.0014323502,-0.0059634858,-3.4603894e-05,1,0.30700001,0.5,0.30700001,0
1.5202569e-15,-0.0014384374,-0.0059795448,-3.3033539e-05,1,0.308,0.5,0.308,0
1.5413008e-15,-0.0014445247,-0.0059956039,-3.1463183e-05,1,0.30899999,0.5,0.30899999,0
1.5623454e-15,-0.0014506121,-0.0060116634,-2.989278e-05,1,0.31,0.5,0.31,0
1.5833894e-15,-0.0014566994,-0.0060277224,-2.8322425e-05,1,0.31099999,0.5,0.31099999,0
1.6044339e-15,-0.0014627868,-0.006043782,-2.6752022e-05,1,0.31200001,0.5,0.31200001,0
1.6254779e-15,-0.0014688741,-0.006059841,-2.5181666e-05,1,0.31299999,0.5,0.31299999,0
1.6465224e-15,-0.0014749615,-0.0060759005,-2.3611264e-05,1,0.31400001,0.5,0.31400001,0
1.6675664e-15,-0.0014810487,-0.0060919596,-2.2040908e-05,1,0.315,0.5,0.315,0
1.688611e-15,-0.0014871362,-0.0061080191,-2.0470506e-05,1,0.31600001,0.5,0.31600001,0
1.7096549e-15,-0.0014932234,-0.0061240781,-1.890015e-05,1,0.317,0.5,0.317,0
1.6312823e-15,-0.0014993451,-0.0061403207,-1.7729202e-05,1,0.31799999,0.5,0.31799999,0
8.7608353e-16,-0.0015057017,-0.0061578134,-1.9277371e-05,1,0.31900001,0.5,0.31900001,0
1.2090724e-16,-0.0015120581,-0.0061753055,-2.0825493e-05,1,0.31999999,0.5,0.31999999,0
-6.3429156e-16,-0.0015184147,-0.0061927981,-2.2373662e-05,1,0.32100001,0.5,0.32100001,0
-1.3894678e-15,-0.0015247711,-0.0062102903,-2.3921784e-05,1,0.322,0.5,0.322,0
-2.1446666e-15,-0.0015311276,-0.0062277829,-2.5469953e-05,1,0.32300001,0.5,0.32300001,0
-2.8998429e-15,-0.001537484,-0.0062452751,-2.7018076e-05,1,0.324,0.5,0.324,0
-3.6550192e-15,-0.0015438404,-0.0062627672,-2.8566198e-05,1,0.32499999,0.5,0.32499999,0
-4.410218e-15,-0.001550197,-0.0062802599,-3.0114367e-05,1,0.32600001,0.5,0.32600001,0
-5.1653943e-15,-0.0015565534,-0.006297752,-3.166249e-05,1,0.32699999,0.5,0.32699999,0
-5.9205931e-15,-0.0015629099,-0.0063152446,-3.3210658e-05,1,0.32800001,0.5,0.32800001,0
-6.6757694e-15,-0.0015692663,-0.0063327368,-3.4758781e-05,1,0.329,0.5,0.329,0
-7.4309682e-15,-0.0015756229,-0.0063502294,-3.630695e-05,1,0.33000001,0.5,0.33000001,0
-8.1861445e-15,-0.0015819793,-0.0063677216,-3.7855072e-05,1,0.331,0.5,0.331,0
-8.9413208e-15,-0.0015883357,-0.0063852137,-3.9403195e-05,1,0.33199999,0.5,0.33199999,0
-9.6965196e-15,-0.0015946922,-0.0064027063,-4.0951363e-05,1,0.333,0.5,0.333,0
-1.0451696e-14,-0.0016010486,-0.0064201985,-4.2499486e-05,1,0.33399999,0.5,0.33399999,0
-1.1206895e-14,-0.0016074052,-0.0064376911,-4.4047655e-05,1,0.33500001,0.5,0.33500001,0
-1.1962071e-14,-0.0016137616,-0.0064551833,-4.5595777e-05,1,0.336,0.5,0.336,0
-1.271727e-14,-0.0016201182,-0.0064726759,-4.7143946e-05,1,0.33700001,0.5,0.33700001,0
-1.3472446e-14,-0.0016264746,-0.006490168,-4.8692069e-05,1,0.338,0.5,0.338,0
-1.4132962e-14,-0.0016328235,-0.0065073519,-5.0419481e-05,1,0.33899999,0.5,0.33899999,0
-1.4087385e-14,-0.0016391172,-0.0065222363,-5.348435e-05,1,0.34,0.5,0.34,0
-1.4041808e-14,-0.0016454107,-0.0065371204,-5.6549127e-05,1,0.34099999,0.5,0.34099999,0
-1.3996231e-14,-0.0016517043,-0.0065520048,-5.9613996e-05,1,0.34200001,0.5,0.34200001,0
-1.397019e-14,-0.0016580005,-0.0065668903,-6.2634358e-05,1,0.34299999,0.5,0.34299999,0
-1.6834392e-14,-0.001664692,-0.0065819927,-5.9083564e-05,1,0.34400001,0.5,0.34400001,0
-1.9698508e-14,-0.0016713833,-0.0065970947,-5.5532877e-05,1,0.345,0.5,0.345,0
-2.2562625e-14,-0.0016780746,-0.0066121966,-5.1982189e-05,1,0.34599999,0.5,0.34599999,0
-2.0136241e-14,-0.001684846,-0.0066265326,-5.0107269e-05,1,0.347,0.5,0.347,0
-1.5837204e-14,-0.0016916456,-0.0066405969,-4.8825619e-05,1,0.34799999,0.5,0.34799999,0
-1.1538038e-14,-0.0016984453,-0.0066546616,-4.754393e-05,1,0.34900001,0.5,0.34900001,0
-7.2390006e-15,-0.0017052449,-0.0066687258,-4.626228e-05,1,0.34999999,0.5,0.34999999,0
-2.9398349e-15,-0.0017120446,-0.0066827905,-4.4980592e-05,1,0.35100001,0.5,0.35100001,0
1.3592026e-15,-0.0017188442,-0.0066968548,-4.3698942e-05,1,0.352,0.5,0.352,0
5.6582401e-15,-0.0017256437,-0.0067109191,-4.2417292e-05,1,0.35299999,0.5,0.35299999,0
9.9574058e-15,-0.0017324435,-0.0067249838,-4.1135604e-05,1,0.354,0.5,0.354,0
1.4256443e-14,-0.001739243,-0.006739048,-3.9853954e-05,1,0.35499999,0.5,0.35499999,0
1.8555609e-14,-0.0017460427,-0.0067531127,-3.8572266e-05,1,0.35600001,0.5,0.35600001,0
2.2854646e-14,-0.0017528423,-0.006767177,-3.7290616e-05,1,0.35699999,0.5,0.35699999,0
2.7153812e-14,-0.001759642,-0.0067812417,-3.6008928e-05,1,0.35800001,0.5,0.35800001,0
3.145285e-14,-0.0017664416,-0.006795306,-3.4727278e-05,1,0.359,0.5,0.359,0
3.5752015e-14,-0.0017732413,-0.0068093706,-3.344559e-05,1,0.36000001,0.5,0.36000001,0
4.0051053e-14,-0.0017800409,-0.0068234349,-3.216394e-05,1,0.361,0.5,0.361,0
4.435009e-14,-0.0017868404,-0.0068374992,-3.088229e-05,1,0.36199999,0.5,0.36199999,0
4.8649256e-14,-0.0017936402,-0.0068515639,-2.9600602e-05,1,0.36300001,0.5,0.36300001,0
5.2948293e-14,-0.0018004397,-0.0068656282,-2.8318952e-05,1,0.36399999,0.5,0.36399999,0
5.7247459e-14,-0.0018072395,-0.0068796928,-2.7037263e-05,1,0.36500001,0.5,0.36500001,0
6.1546497e-14,-0.001814039,-0.0068937571,-2.5755613e-05,1,0.366,0.5,0.366,0
6.5845662e-14,-0.0018208388,-0.0069078218,-2.4473925e-05,1,0.36700001,0.5,0.36700001,0
7.01447e-14,-0.0018276383,-0.0069218861,-2.3192275e-05,1,0.368,0.5,0.368,0
7.4443737e-14,-0.0018344379,-0.0069359504,-2.1910625e-05,1,0.36899999,0.5,0.36899999,0
7.8742903e-14,-0.0018412376,-0.006950015,-2.0628937e-05,1,0.37,0.5,0.37,0
8.304194e-14,-0.0018480372,-0.0069640793,-1.9347287e-05,1,0.37099999,0.5,0.37099999,0
8.7341106e-14,-0.0018548369,-0.006978144,-1.8065599e-05,1,0.37200001,0.5,0.37200001,0
9.1640144e-14,-0.0018616365,-0.0069922083,-1.6783949e-05,1,0.373,0.5,0.373,0
9.5939309e-14,-0.0018684362,-0.007006273,-1.5502261e-05,1,0.37400001,0.5,0.37400001,0
1.0023835e-13,-0.0018752358,-0.0070203372,-1.4220611e-05,1,0.375,0.5,0.375,0
1.0453738e-13,-0.0018820353,-0.0070344015,-1.2938961e-05,1,0.37599999,0.5,0.37599999,0
1.0883655e-13,-0.0018888351,-0.0070484662,-1.1657273e-05,1,0.377,0.5,0.377,0
1.1313559e-13,-0.0018956346,-0.0070625305,-1.0375623e-05,1,0.37799999,0.5,0.37799999,0
1.1778639e-13,-0.0019026493,-0.0070801043,-1.059316e-05,1,0.37900001,0.5,0.37900001,0
1.2259455e-13,-0.0019097601,-0.0070992493,-1.1482212e-05,1,0.38,0.5,0.38,0
1.2740285e-13,-0.0019168712,-0.007118395,-1.2371291e-05,1,0.38100001,0.5,0.38100001,0
1.3221101e-13,-0.001923982,-0.00713754,-1.3260344e-05,1,0.382,0.5,0.382,0
1.3701918e-13,-0.0019310928,-0.0071566851,-1.4149396e-05,1,0.38299999,0.5,0.38299999,0
1.4182748e-13,-0.0019382038,-0.0071758307,-1.5038475e-05,1,0.384,0.5,0.384,0
1.4663564e-13,-0.0019453146,-0.0071949757,-1.5927528e-05,1,0.38499999,0.5,0.38499999,0
1.5144395e-13,-0.0019524256,-0.0072141214,-1.6816607e-05,1,0.38600001,0.5,0.38600001,0
1.0745444e-13,-0.0019599074,-0.0072331952,-1.5920053e-05,1,0.38699999,0.5,0.38699999,0
5.6665393e-14,-0.001967441,-0.0072522596,-1.4774712e-05,1,0.38800001,0.5,0.38800001,0
5.8778639e-15,-0.0019749744,-0.0072713235,-1.3629406e-05,1,0.389,0.5,0.389,0
-4.4909666e-14,-0.0019825079,-0.0072903873,-1.2484099e-05,1,0.38999999,0.5,0.38999999,0
-9.5698709e-14,-0.0019900415,-0.0073094518,-1.1338758e-05,1,0.391,0.5,0.391,0
-1.4648624e-13,-0.0019975749,-0.0073285156,-1.0193451e-05,1,0.39199999,0.5,0.39199999,0
-1.9727528e-13,-0.0020051086,-0.00734758,-9.0481104e-06,1,0.39300001,0.5,0.39300001,0
-2.4806281e-13,-0.002012642,-0.0073666439,-7.9028036e-06,1,0.39399999,0.5,0.39399999,0
-2.9885185e-13,-0.0020201756,-0.0073857083,-6.7574628e-06,1,0.39500001,0.5,0.39500001,0
-3.4963938e-13,-0.0020277091,-0.0074047722,-5.6121561e-06,1,0.396,0.5,0.396,0
-4.0042843e-13,-0.0020352427,-0.0074238366,-4.4668152e-06,1,0.39700001,0.5,0.39700001,0
-4.5121596e-13,-0.0020427761,-0.0074429005,-3.3215085e-06,1,0.398,0.5,0.398,0
-5.0200349e-13,-0.0020503095,-0.0074619644,-2.1762017e-06,1,0.39899999,0.5,0.39899999,0
-5.5279253e-13,-0.0020578432,-0.0074810288,-1.0308609e-06,1,0.40000001,0.5,0.40000001,0
-6.0358006e-13,-0.0020653766,-0.0075000927,1.1444585e-07,1,0.40099999,0.5,0.40099999,0
-6.543691e-13,-0.0020729103,-0.0075191571,1.2597867e-06,1,0.40200001,0.5,0.40200001,0
-7.0515663e-13,-0.0020804437,-0.007538221,2.4050934e-06,1,0.403,0.5,0.403,0
-7.5594567e-13,-0.0020879773,-0.0075572854,3.5504343e-06,1,0.40400001,0.5,0.40400001,0
-8.067332e-13,-0.0020955107,-0.0075763493,4.695741e-06,1,0.405,0.5,0.405,0
-8.5752073e-13,-0.0021030442,-0.0075954131,5.8410477e-06,1,0.40599999,0.5,0.40599999,0
-9.0830978e-13,-0.0021105778,-0.0076144776,6.9863886e-06,1,0.40700001,0.5,0.40700001,0
-9.590973e-13,-0.0021181112,-0.0076335414,8.1316953e-06,1,0.40799999,0.5,0.40799999,0
-1.0098863e-12,-0.0021256449,-0.0076526059,9.2770362e-06,1,0.40900001,0.5,0.40900001,0
-1.0606739e-12,-0.0021331783,-0.0076716697,1.0422343e-05,1,0.41,0.5,0.41,0
-1.1114629e-12,-0.0021407119,-0.0076907342,1.1567684e-05,1,0.41100001,0.5,0.41100001,0
-1.1477633e-12,-0.0021482794,-0.0077097743,1.2883526e-05,1,0.412,0.5,0.412,0
-1.1311298e-12,-0.0021559714,-0.0077287277,1.4822482e-05,1,0.41299999,0.5,0.41299999,0
-1.1144959e-12,-0.0021636635,-0.0077476816,1.6761495e-05,1,0.414,0.5,0.414,0
-1.0978624e-12,-0.0021713555,-0.007766635,1.870045e-05,1,0.41499999,0.5,0.41499999,0
-9.3157867e-13,-0.002179291,-0.0077885208,1.8411724e-05,1,0.41600001,0.5,0.41600001,0
-6.9136627e-13,-0.0021873466,-0.0078118544,1.7022405e-05,1,0.417,0.5,0.417,0
-4.511467e-13,-0.0021954025,-0.0078351887,1.5633044e-05,1,0.41800001,0.5,0.41800001,0
-2.109343e-13,-0.002203458,-0.0078585223,1.4243725e-05,1,0.419,0.5,0.419,0
2.9278107e-14,-0.0022115136,-0.0078818559,1.2854405e-05,1,0.41999999,0.5,0.41999999,0
2.6949767e-13,-0.0022195695,-0.0079051902,1.1465044e-05,1,0.421,0.5,0.421,0
5.0971008e-13,-0.002227625,-0.0079285238,1.0075725e-05,1,0.42199999,0.5,0.42199999,0
7.4992964e-13,-0.0022356809,-0.0079518581,8.6863642e-06,1,0.42300001,0.5,0.42300001,0
9.9014205e-13,-0.0022437365,-0.0079751917,7.2970448e-06,1,0.42399999,0.5,0.42399999,0
1.2303616e-12,-0.0022517923,-0.007998526,5.907684e-06,1,0.42500001,0.5,0.42500001,0
1.470574e-12,-0.0022598479,-0.0080218596,4.5183646e-06,1,0.426,0.5,0.426,0
1.7107864e-12,-0.0022679035,-0.0080451932,3.1290452e-06,1,0.42699999,0.5,0.42699999,0
1.951006e-12,-0.0022759593,-0.0080685275,1.7396844e-06,1,0.428,0.5,0.428,0
2.1912184e-12,-0.0022840149,-0.0080918611,3.5036506e-07,1,0.42899999,0.5,0.42899999,0
2.431438e-12,-0.0022920707,-0.0081151954,-1.0389957e-06,1,0.43000001,0.5,0.43000001,0
2.6716504e-12,-0.0023001263,-0.008138529,-2.4283151e-06,1,0.43099999,0.5,0.43099999,0
2.9118699e-12,-0.0023081821,-0.0081618633,-3.8176759e-06,1,0.43200001,0.5,0.43200001,0
3.1520823e-12,-0.0023162377,-0.0081851969,-5.2069953e-06,1,0.433,0.5,0.433,0
3.3922947e-12,-0.0023242933,-0.0082085305,-6.5963147e-06,1,0.43399999,0.5,0.43399999,0
3.6325143e-12,-0.0023323491,-0.0082318648,-7.9856755e-06,1,0.435,0.5,0.435,0
3.8727267e-12,-0.0023404047,-0.0082551984,-9.3749949e-06,1,0.43599999,0.5,0.43599999,0
4.1129463e-12,-0.0023484606,-0.0082785327,-1.0764356e-05,1,0.43700001,0.5,0.43700001,0
4.3531587e-12,-0.0023565161,-0.0083018663,-1.2153675e-05,1,0.43799999,0.5,0.43799999,0
4.5933782e-12,-0.002364572,-0.0083252006,-1.3543036e-05,1,0.43900001,0.5,0.43900001,0
4.745899e-12,-0.0023726719,-0.0083482546,-1.4646872e-05,1,0.44,0.5,0.44,0
4.253168e-12,-0.002381098,-0.008369252,-1.3650083e-05,1,0.44100001,0.5,0.44100001,0
3.7604516e-12,-0.0023895239,-0.0083902487,-1.2653324e-05,1,0.442,0.5,0.442,0
3.218197e-12,-0.0023979761,-0.0084112555,-1.1886368e-05,1,0.44299999,0.5,0.44299999,0
2.3670204e-12,-0.002406592,-0.0084323257,-1.2552374e-05,1,0.44400001,0.5,0.44400001,0
1.5158691e-12,-0.0024152077,-0.0084533954,-1.3218361e-05,1,0.44499999,0.5,0.44499999,0
6.6469251e-13,-0.0024238237,-0.0084744657,-1.3884367e-05,1,0.44600001,0.5,0.44600001,0
-1.8645872e-13,-0.0024324394,-0.0084955353,-1.4550354e-05,1,0.447,0.5,0.447,0
-1.0376353e-12,-0.0024410553,-0.0085166056,-1.521636e-05,1,0.44800001,0.5,0.44800001,0
-1.8887866e-12,-0.002449671,-0.0085376752,-1.5882347e-05,1,0.449,0.5,0.449,0
-2.7399378e-12,-0.0024582867,-0.0085587449,-1.6548333e-05,1,0.44999999,0.5,0.44999999,0
-3.5911144e-12,-0.0024669026,-0.0085798152,-1.7214339e-05,1,0.45100001,0.5,0.45100001,0
-4.4422656e-12,-0.0024755183,-0.0086008848,-1.7880326e-05,1,0.45199999,0.5,0.45199999,0
-5.2934422e-12,-0.0024841343,-0.0086219551,-1.8546332e-05,1,0.45300001,0.5,0.45300001,0
-6.1445935e-12,-0.00249275,-0.0086430247,-1.9212319e-05,1,0.454,0.5,0.454,0
-6.9957701e-12,-0.0025013659,-0.008664095,-1.9878325e-05,1,0.45500001,0.5,0.45500001,0
-7.8469213e-12,-0.0025099816,-0.0086851646,-2.0544312e-05,1,0.456,0.5,0.456,0
-8.6980726e-12,-0.0025185973,-0.0087062343,-2.1210298e-05,1,0.45699999,0.5,0.45699999,0
-9.5492492e-12,-0.0025272133,-0.0087273046,-2.1876304e-05,1,0.458,0.5,0.458,0
-1.04004e-11,-0.0025358289,-0.0087483742,-2.2542291e-05,1,0.45899999,0.5,0.45899999,0
-1.1251577e-11,-0.0025444449,-0.0087694445,-2.3208297e-05,1,0.46000001,0.5,0.46000001,0
-1.2102728e-11,-0.0025530606,-0.0087905141,-2.3874284e-05,1,0.461,0.5,0.461,0
-1.2953905e-11,-0.0025616765,-0.0088115844,-2.454029e-05,1,0.46200001,0.5,0.46200001,0
-1.3805056e-11,-0.0025702922,-0.0088326541,-2.5206277e-05,1,0.463,0.5,0.463,0
-1.4656207e-11,-0.0025789079,-0.0088537237,-2.5872263e-05,1,0.46399999,0.5,0.46399999,0
-1.5507384e-11,-0.0025875239,-0.008874794,-2.6538269e-05,1,0.465,0.5,0.465,0
-1.4624784e-11,-0.0025963308,-0.0088978748,-2.506636e-05,1,0.46599999,0.5,0.46599999,0
-1.2304096e-11,-0.0026052967,-0.0089226246,-2.1821125e-05,1,0.46700001,0.5,0.46700001,0
-9.9834774e-12,-0.0026142623,-0.0089473736,-1.8575988e-05,1,0.46799999,0.5,0.46799999,0
-7.6627894e-12,-0.0026232281,-0.0089721233,-1.5330753e-05,1,0.46900001,0.5,0.46900001,0
-5.3421706e-12,-0.0026321937,-0.0089968723,-1.2085616e-05,1,0.47,0.5,0.47,0
-3.3765633e-12,-0.0026412339,-0.0090214879,-9.6178977e-06,1,0.47099999,0.5,0.47099999,0
-2.9035231e-12,-0.0026505882,-0.0090455436,-1.0418724e-05,1,0.472,0.5,0.472,0
-2.430497e-12,-0.0026599421,-0.0090695985,-1.1219527e-05,1,0.47299999,0.5,0.47299999,0
-1.9574567e-12,-0.0026692964,-0.0090936542,-1.2020354e-05,1,0.47400001,0.5,0.47400001,0
-1.4844306e-12,-0.0026786503,-0.0091177091,-1.2821156e-05,1,0.47499999,0.5,0.47499999,0
-1.0113904e-12,-0.0026880046,-0.0091417648,-1.3621983e-05,1,0.47600001,0.5,0.47600001,0
-5.3836432e-13,-0.0026973585,-0.0091658197,-1.4422786e-05,1,0.477,0.5,0.477,0
-6.5338205e-14,-0.0027067125,-0.0091898747,-1.5223588e-05,1,0.47799999,0.5,0.47799999,0
4.07702e-13,-0.0027160667,-0.0092139303,-1.6024415e-05,1,0.479,0.5,0.479,0
8.8072812e-13,-0.0027254207,-0.0092379853,-1.6825218e-05,1,0.47999999,0.5,0.47999999,0
1.3537683e-12,-0.0027347749,-0.0092620409,-1.7626044e-05,1,0.48100001,0.5,0.48100001,0
1.8267944e-12,-0.0027441289,-0.0092860959,-1.8426847e-05,1,0.48199999,0.5,0.48199999,0
2.2998346e-12,-0.0027534832,-0.0093101515,-1.9227674e-05,1,0.48300001,0.5,0.48300001,0
2.7728608e-12,-0.0027628371,-0.0093342064,-2.0028476e-05,1,0.484,0.5,0.484,0
3.245901e-12,-0.0027721914,-0.0093582621,-2.0829303e-05,1,0.48500001,0.5,0.48500001,0
3.7189271e-12,-0.0027815453,-0.009382317,-2.1630106e-05,1,0.486,0.5,0.486,0
4.1919532e-12,-0.0027908993,-0.009406372,-2.2430908e-05,1,0.48699999,0.5,0.48699999,0
4.6649934e-12,-0.0028002535,-0.0094304276,-2.3231735e-05,1,0.48800001,0.5,0.48800001,0
5.1380195e-12,-0.0028096075,-0.0094544826,-2.4032538e-05,1,0.48899999,0.5,0.48899999,0
5.6110597e-12,-0.0028189617,-0.0094785382,-2.4833364e-05,1,0.49000001,0.5,0.49000001,0
6.0840858e-12,-0.0028283157,-0.0095025932,-2.5634167e-05,1,0.491,0.5,0.491,0
6.557126e-12,-0.0028376699,-0.0095266488,-2.6434994e-05,1,0.49200001,0.5,0.49200001,0
7.0301522e-12,-0.0028470239,-0.0095507038,-2.7235796e-05,1,0.493,0.5,0.493,0
7.5031783e-12,-0.0028563779,-0.0095747587,-2.8036599e-05,1,0.49399999,0.5,0.49399999,0
7.9762185e-12,-0.0028657321,-0.0095988144,-2.8837426e-05,1,0.495,0.5,0.495,0
8.4492446e-12,-0.0028750861,-0.0096228693,-2.9638228e-05,1,0.49599999,0.5,0.49599999,0
8.9222848e-12,-0.0028844403,-0.009646925,-3.0439055e-05,1,0.49700001,0.5,0.49700001,0
2.9896656e-12,-0.0028940168,-0.0096713673,-3.0594847e-05,1,0.498,0.5,0.498,0
-4.6199212e-12,-0.0029036519,-0.0096959118,-3.0581801e-05,1,0.49900001,0.5,0.49900001,0
-1.2229281e-11,-0.0029132867,-0.0097204556,-3.0568756e-05,1,0.5,0.5,0.5,0
-3.8132001e-12,-0.0029232887,-0.0097471187,-3.1339502e-05,1,0.50099999,0.5,0.50099999,0
1.0043512e-11,-0.0029334154,-0.0097745014,-3.2376344e-05,1,0.50199997,0.5,0.50199997,0
2.390105e-11,-0.0029435426,-0.0098018857,-3.3413249e-05,1,0.50300002,0.5,0.50300002,0
3.7757761e-11,-0.0029536693,-0.0098292684,-3.4450092e-05,1,0.50400001,0.5,0.50400001,0
5.1614473e-11,-0.002963796,-0.009856651,-3.5486935e-05,1,0.505,0.5,0.505,0
6.5471185e-11,-0.0029739227,-0.0098840337,-3.6523777e-05,1,0.50599998,0.5,0.50599998,0
7.9328723e-11,-0.00298405,-0.009911418,-3.7560682e-05,1,0.50700003,0.5,0.50700003,0
9.3185435e-11,-0.0029941767,-0.0099388007,-3.8597525e-05,1,0.50800002,0.5,0.50800002,0
1.0704215e-10,-0.0030043033,-0.0099661833,-3.9634367e-05,1,0.509,0.5,0.509,0
1.2089886e-10,-0.00301443,-0.009993566,-4.067121e-05,1,0.50999999,0.5,0.50999999,0
1.3475557e-10,-0.0030245567,-0.010020949,-4.1708053e-05,1,0.51099998,0.5,0.51099998,0
1.4861311e-10,-0.003034684,-0.010048333,-4.2744957e-05,1,0.51200002,0.5,0.51200002,0
1.6246982e-10,-0.0030448107,-0.010075716,-4.37818e-05,1,0.51300001,0.5,0.51300001,0
1.7632653e-10,-0.0030549373,-0.010103098,-4.4818643e-05,1,0.514,0.5,0.514,0
1.9018324e-10,-0.003065064,-0.010130481,-4.5855486e-05,1,0.51499999,0.5,0.51499999,0
2.0403996e-10,-0.0030751907,-0.010157864,-4.6892328e-05,1,0.51599997,0.5,0.51599997,0
2.1789749e-10,-0.003085318,-0.010185248,-4.7929233e-05,1,0.51700002,0.5,0.51700002,0
2.3175421e-10,-0.0030954447,-0.010212631,-4.8966076e-05,1,0.51800001,0.5,0.51800001,0
2.4561092e-10,-0.0031055714,-0.010240013,-5.0002918e-05,1,0.51899999,0.5,0.51899999,0
2.5946763e-10,-0.003115698,-0.010267396,-5.1039761e-05,1,0.51999998,0.5,0.51999998,0
2.7332517e-10,-0.0031258253,-0.01029478,-5.2076666e-05,1,0.52100003,0.5,0.52100003,0
2.8718188e-10,-0.003135952,-0.010322163,-5.3113508e-05,1,0.52200001,0.5,0.52200001,0
3.0103859e-10,-0.0031460787,-0.010349546,-5.4150351e-05,1,0.523,0.5,0.523,0
3.148953e-10,-0.0031562054,-0.010376928,-5.5187194e-05,1,0.52399999,0.5,0.52399999,0
3.2747467e-10,-0.0031662994,-0.010404142,-5.6068508e-05,1,0.52499998,0.5,0.52499998,0
3.383116e-10,-0.0031763494,-0.010431126,-5.6737626e-05,1,0.52600002,0.5,0.52600002,0
3.4914789e-10,-0.0031863989,-0.010458108,-5.7406705e-05,1,0.52700001,0.5,0.52700001,0
3.5998418e-10,-0.0031964484,-0.010485091,-5.8075783e-05,1,0.528,0.5,0.528,0
3.7878963e-10,-0.0032065907,-0.010512851,-5.9237608e-05,1,0.52899998,0.5,0.52899998,0
3.0232175e-10,-0.0032174406,-0.010541648,-5.8834377e-05,1,0.52999997,0.5,0.52999997,0
1.8412901e-10,-0.0032284002,-0.010569758,-5.7267833e-05,1,0.53100002,0.5,0.53100002,0
6.5943319e-11,-0.0032393591,-0.010597866,-5.5701382e-05,1,0.53200001,0.5,0.53200001,0
-5.2242376e-11,-0.003250318,-0.010625975,-5.413493e-05,1,0.53299999,0.5,0.53299999,0
-1.7042807e-10,-0.003261277,-0.010654083,-5.2568479e-05,1,0.53399998,0.5,0.53399998,0
-2.8862081e-10,-0.0032722365,-0.010682193,-5.1001935e-05,1,0.53500003,0.5,0.53500003,0
-4.0286223e-10,-0.0032831745,-0.010710258,-4.9388936e-05,1,0.53600001,0.5,0.53600001,0
-5.1086458e-10,-0.0032940792,-0.010738256,-4.770231e-05,1,0.537,0.5,0.537,0
-6.1886692e-10,-0.0033049839,-0.010766254,-4.6015683e-05,1,0.53799999,0.5,0.53799999,0
-7.2686926e-10,-0.0033158886,-0.010794252,-4.4329057e-05,1,0.53899997,0.5,0.53899997,0
-8.3487804e-10,-0.0033267939,-0.010822252,-4.2642329e-05,1,0.54000002,0.5,0.54000002,0
-9.4288039e-10,-0.0033376986,-0.01085025,-4.0955703e-05,1,0.54100001,0.5,0.54100001,0
-1.0508827e-09,-0.0033486033,-0.010878248,-3.9269076e-05,1,0.542,0.5,0.542,0
-1.1588851e-09,-0.003359508,-0.010906246,-3.758245e-05,1,0.54299998,0.5,0.54299998,0
-1.2668939e-09,-0.0033704134,-0.010934246,-3.5895723e-05,1,0.54400003,0.5,0.54400003,0
-1.3748962e-09,-0.0033813181,-0.010962244,-3.4209096e-05,1,0.54500002,0.5,0.54500002,0
-1.4828985e-09,-0.0033922228,-0.010990242,-3.2522469e-05,1,0.546,0.5,0.546,0
-1.5909009e-09,-0.0034031275,-0.01101824,-3.0835843e-05,1,0.54699999,0.5,0.54699999,0
-1.6989032e-09,-0.0034140322,-0.011046238,-2.9149216e-05,1,0.54799998,0.5,0.54799998,0
-1.806912e-09,-0.0034249376,-0.011074238,-2.7462489e-05,1,0.54900002,0.5,0.54900002,0
-1.9149143e-09,-0.0034358423,-0.011102236,-2.5775863e-05,1,0.55000001,0.5,0.55000001,0
-2.0229167e-09,-0.003446747,-0.011130234,-2.4089236e-05,1,0.551,0.5,0.551,0
-2.130919e-09,-0.0034576517,-0.011158232,-2.2402609e-05,1,0.55199999,0.5,0.55199999,0
-2.2389214e-09,-0.0034685564,-0.011186231,-2.0715983e-05,1,0.55299997,0.5,0.55299997,0
-2.3469302e-09,-0.0034794618,-0.01121423,-1.9029256e-05,1,0.55400002,0.5,0.55400002,0
-2.4549325e-09,-0.0034903665,-0.011242228,-1.7342629e-05,1,0.55500001,0.5,0.55500001,0
-2.5629348e-09,-0.0035012712,-0.011270226,-1.5656003e-05,1,0.55599999,0.5,0.55599999,0
-2.6709372e-09,-0.0035121759,-0.011298225,-1.3969376e-05,1,0.55699998,0.5,0.55699998,0
-2.778946e-09,-0.0035230812,-0.011326224,-1.2282649e-05,1,0.55800003,0.5,0.55800003,0
-2.8806384e-09,-0.0035340025,-0.011354319,-1.0636811e-05,1,0.55900002,0.5,0.55900002,0
-2.7781557e-09,-0.0035454596,-0.011385554,-1.0310788e-05,1,0.56,0.5,0.56,0
-2.5890361e-09,-0.0035569775,-0.011416364,-1.0053702e-05,1,0.56099999,0.5,0.56099999,0
-2.037054e-09,-0.0035687497,-0.011445394,-1.008534e-05,1,0.56199998,0.5,0.56199998,0
-1.485039e-09,-0.0035805225,-0.011474425,-1.011698e-05,1,0.56300002,0.5,0.56300002,0
-9.3305695e-10,-0.0035922947,-0.011503455,-1.0148618e-05,1,0.56400001,0.5,0.56400001,0
-3.8107488e-10,-0.0036040668,-0.011532485,-1.0180256e-05,1,0.565,0.5,0.565,0
1.709072e-10,-0.003615839,-0.011561514,-1.0211894e-05,1,0.56599998,0.5,0.56599998,0
7.2288927e-10,-0.0036276112,-0.011590544,-1.0243532e-05,1,0.56699997,0.5,0.56699997,0
1.2749042e-09,-0.003639384,-0.011619575,-1.0275172e-05,1,0.56800002,0.5,0.56800002,0
1.8268863e-09,-0.0036511562,-0.011648605,-1.030681e-05,1,0.56900001,0.5,0.56900001,0
2.3788684e-09,-0.0036629283,-0.011677635,-1.0338448e-05,1,0.56999999,0.5,0.56999999,0
2.9308505e-09,-0.0036747005,-0.011706664,-1.0370086e-05,1,0.57099998,0.5,0.57099998,0
3.4828654e-09,-0.0036864733,-0.011735696,-1.0401726e-05,1,0.57200003,0.5,0.57200003,0
4.0348475e-09,-0.0036982455,-0.011764725,-1.0433365e-05,1,0.57300001,0.5,0.57300001,0
4.5868296e-09,-0.0037100176,-0.011793755,-1.0465003e-05,1,0.574,0.5,0.574,0
5.1388117e-09,-0.0037217898,-0.011822785,-1.0496641e-05,1,0.57499999,0.5,0.57499999,0
5.6907937e-09,-0.0037335619,-0.011851815,-1.0528279e-05,1,0.57599998,0.5,0.57599998,0
6.2428087e-09,-0.0037453348,-0.011880846,-1.0559919e-05,1,0.57700002,0.5,0.57700002,0
6.7947908e-09,-0.003757107,-0.011909876,-1.0591557e-05,1,0.57800001,0.5,0.57800001,0
7.3467728e-09,-0.0037688791,-0.011938905,-1.0623195e-05,1,0.579,0.5,0.579,0
7.8987549e-09,-0.0037806513,-0.011967935,-1.0654833e-05,1,0.57999998,0.5,0.57999998,0
8.450737e-09,-0.0037924234,-0.011996965,-1.0686471e-05,1,0.58099997,0.5,0.58099997,0
9.002752e-09,-0.0038041963,-0.012025996,-1.0718111e-05,1,0.58200002,0.5,0.58200002,0
9.554734e-09,-0.0038159684,-0.012055026,-1.0749749e-05,1,0.583,0.5,0.583,0
1.0106716e-08,-0.0038277406,-0.012084055,-1.0781387e-05,1,0.58399999,0.5,0.58399999,0
1.0658698e-08,-0.0038395127,-0.012113085,-1.0813025e-05,1,0.58499998,0.5,0.58499998,0
1.1210713e-08,-0.0038512856,-0.012142117,-1.0844665e-05,1,0.58600003,0.5,0.58600003,0
1.1762695e-08,-0.0038630578,-0.012171146,-1.0876304e-05,1,0.58700001,0.5,0.58700001,0
1.201851e-08,-0.00387496,-0.012200896,-1.0536819e-05,1,0.588,0.5,0.588,0
1.1051689e-08,-0.0038873996,-0.012233618,-8.6652677e-06,1,0.58899999,0.5,0.58899999,0
1.0084868e-08,-0.0038998391,-0.01226634,-6.7937162e-06,1,0.58999997,0.5,0.58999997,0
9.1179899e-09,-0.0039122794,-0.012299064,-4.9220532e-06,1,0.59100002,0.5,0.59100002,0
8.1511689e-09,-0.0039247189,-0.012331786,-3.0505018e-06,1,0.59200001,0.5,0.59200001,0
7.184348e-09,-0.0039371584,-0.012364508,-1.1789503e-06,1,0.59299999,0.5,0.59299999,0
6.2175271e-09,-0.003949598,-0.01239723,6.9260112e-07,1,0.59399998,0.5,0.59399998,0
5.2506485e-09,-0.0039620383,-0.012429954,2.5642641e-06,1,0.59500003,0.5,0.59500003,0
3.3498169e-09,-0.0039746627,-0.012465216,1.8075695e-06,1,0.59600002,0.5,0.59600002,0
1.1202657e-09,-0.0039873522,-0.012501371,1.2587909e-07,1,0.597,0.5,0.597,0
-1.1092855e-09,-0.0040000417,-0.012537527,-1.5558114e-06,1,0.59799999,0.5,0.59799999,0
-3.3388368e-09,-0.0040127313,-0.012573683,-3.2375018e-06,1,0.59899998,0.5,0.59899998,0
-5.5685209e-09,-0.0040254215,-0.01260984,-4.9192925e-06,1,0.60000002,0.5,0.60000002,0
-7.7980721e-09,-0.0040381111,-0.012645996,-6.600983e-06,1,0.60100001,0.5,0.60100001,0
-1.0027623e-08,-0.0040508006,-0.012682152,-8.2826734e-06,1,0.602,0.5,0.602,0
-1.2257175e-08,-0.0040634901,-0.012718307,-9.9643639e-06,1,0.60299999,0.5,0.60299999,0
-1.4486726e-08,-0.0040761796,-0.012754463,-1.1646054e-05,1,0.60399997,0.5,0.60399997,0
-1.671641e-08,-0.0040888699,-0.012790621,-1.3327845e-05,1,0.60500002,0.5,0.60500002,0
-1.8945961e-08,-0.0041015595,-0.012826776,-1.5009535e-05,1,0.60600001,0.5,0.60600001,0
-2.1175512e-08,-0.004114249,-0.012862932,-1.6691226e-05,1,0.60699999,0.5,0.60699999,0
-2.3405064e-08,-0.0041269385,-0.012899088,-1.8372916e-05,1,0.60799998,0.5,0.60799998,0
-2.5634748e-08,-0.0041396288,-0.012935245,-2.0054707e-05,1,0.60900003,0.5,0.60900003,0
-2.7864299e-08,-0.0041523183,-0.012971401,-2.1736398e-05,1,0.61000001,0.5,0.61000001,0
-3.009385e-08,-0.0041650078,-0.013007557,-2.3418088e-05,1,0.611,0.5,0.611,0
-3.2323401e-08,-0.0041776974,-0.013043712,-2.5099778e-05,1,0.61199999,0.5,0.61199999,0
-3.4552953e-08,-0.0041903869,-0.013079868,-2.6781469e-05,1,0.61299998,0.5,0.61299998,0
-3.6782637e-08,-0.0042030772,-0.013116026,-2.846326e-05,1,0.61400002,0.5,0.61400002,0
-3.9012188e-08,-0.0042157667,-0.013152181,-3.014495e-05,1,0.61500001,0.5,0.61500001,0
-3.8846332e-08,-0.0042286556,-0.013187379,-3.1590454e-05,1,0.616,0.5,0.616,0
-2.8797104e-08,-0.0042423669,-0.013218625,-3.2061458e-05,1,0.61699998,0.5,0.61699998,0
-1.8747877e-08,-0.0042560783,-0.013249871,-3.2532462e-05,1,0.61799997,0.5,0.61799997,0
-8.69805e-09,-0.0042697905,-0.013281119,-3.3003494e-05,1,0.61900002,0.5,0.61900002,0
1.3511777e-09,-0.0042835019,-0.013312364,-3.3474498e-05,1,0.62,0.5,0.62,0
1.1400405e-08,-0.0042972133,-0.01334361,-3.3945502e-05,1,0.62099999,0.5,0.62099999,0
2.1449633e-08,-0.0043109247,-0.013374856,-3.4416506e-05,1,0.62199998,0.5,0.62199998,0
3.149946e-08,-0.0043246369,-0.013406104,-3.4887538e-05,1,0.62300003,0.5,0.62300003,0
4.1548688e-08,-0.0043383483,-0.01343735,-3.5358542e-05,1,0.62400001,0.5,0.62400001,0
5.1597915e-08,-0.0043520597,-0.013468596,-3.5829546e-05,1,0.625,0.5,0.625,0
6.1647143e-08,-0.0043657711,-0.013499842,-3.6300551e-05,1,0.62599999,0.5,0.62599999,0
7.1696371e-08,-0.0043794825,-0.013531088,-3.6771555e-05,1,0.62699997,0.5,0.62699997,0
8.1746197e-08,-0.0043931947,-0.013562335,-3.7242587e-05,1,0.62800002,0.5,0.62800002,0
9.1795425e-08,-0.0044069061,-0.013593581,-3.7713591e-05,1,0.62900001,0.5,0.62900001,0
1.0184465e-07,-0.0044206175,-0.013624827,-3.8184595e-05,1,0.63,0.5,0.63,0
1.1189388e-07,-0.0044343289,-0.013656073,-3.8655599e-05,1,0.63099998,0.5,0.63099998,0
1.1934098e-07,-0.0044479516,-0.013686379,-3.8370377e-05,1,0.63200003,0.5,0.63200003,0
1.2174545e-07,-0.0044614002,-0.01371486,-3.6620105e-05,1,0.63300002,0.5,0.63300002,0
1.2414992e-07,-0.0044748489,-0.01374334,-3.4869833e-05,1,0.634,0.5,0.634,0
1.2655439e-07,-0.0044882975,-0.01377182,-3.3119562e-05,1,0.63499999,0.5,0.63499999,0
1.2895887e-07,-0.0045017461,-0.013800301,-3.136929e-05,1,0.63599998,0.5,0.63599998,0
1.3136348e-07,-0.0045151956,-0.013828783,-2.9618914e-05,1,0.63700002,0.5,0.63700002,0
1.3376796e-07,-0.0045286442,-0.013857263,-2.7868643e-05,1,0.63800001,0.5,0.63800001,0
1.3617243e-07,-0.0045420928,-0.013885744,-2.6118371e-05,1,0.639,0.5,0.639,0
1.385769e-07,-0.0045555415,-0.013914224,-2.43681e-05,1,0.63999999,0.5,0.63999999,0
1.4098137e-07,-0.0045689901,-0.013942705,-2.2617828e-05,1,0.64099997,0.5,0.64099997,0
1.4338599e-07,-0.0045824395,-0.013971187,-2.0867452e-05,1,0.64200002,0.5,0.64200002,0
1.4583958e-07,-0.0045958909,-0.013999723,-1.9133156e-05,1,0.64300001,0.5,0.64300001,0
1.6456325e-07,-0.0046102573,-0.014046737,-2.2690454e-05,1,0.64399999,0.5,0.64399999,0
1.8328692e-07,-0.0046246237,-0.01409375,-2.6247752e-05,1,0.64499998,0.5,0.64499998,0
2.0201171e-07,-0.0046389909,-0.014140767,-2.9805262e-05,1,0.64600003,0.5,0.64600003,0
2.2073538e-07,-0.0046533573,-0.01418778,-3.336256e-05,1,0.64700001,0.5,0.64700001,0
2.3945905e-07,-0.0046677237,-0.014234794,-3.6919857e-05,1,0.648,0.5,0.648,0
2.5818271e-07,-0.00468209,-0.014281808,-4.0477155e-05,1,0.64899999,0.5,0.64899999,0
2.7690638e-07,-0.0046964564,-0.014328821,-4.4034453e-05,1,0.64999998,0.5,0.64999998,0
2.9563117e-07,-0.0047108236,-0.014375838,-4.7591963e-05,1,0.65100002,0.5,0.65100002,0
2.1624513e-07,-0.0047255806,-0.014417675,-4.8723667e-05,1,0.65200001,0.5,0.65200001,0
1.3174935e-07,-0.0047403579,-0.014459243,-4.9729042e-05,1,0.653,0.5,0.653,0
4.7253574e-08,-0.0047551352,-0.01450081,-5.0734417e-05,1,0.65399998,0.5,0.65399998,0
-3.7242205e-08,-0.0047699125,-0.014542378,-5.1739791e-05,1,0.65499997,0.5,0.65499997,0
-1.2174302e-07,-0.0047846907,-0.014583948,-5.2745226e-05,1,0.65600002,0.5,0.65600002,0
-2.062388e-07,-0.004799468,-0.014625516,-5.3750601e-05,1,0.65700001,0.5,0.65700001,0
-2.9073458e-07,-0.0048142453,-0.014667084,-5.4755976e-05,1,0.65799999,0.5,0.65799999,0
-3.7523036e-07,-0.0048290226,-0.014708651,-5.576135e-05,1,0.65899998,0.5,0.65899998,0
-4.5973117e-07,-0.0048438008,-0.014750222,-5.6766785e-05,1,0.66000003,0.5,0.66000003,0
-5.4422695e-07,-0.0048585781,-0.014791789,-5.777216e-05,1,0.66100001,0.5,0.66100001,0
-6.2872273e-07,-0.0048733554,-0.014833357,-5.8777534e-05,1,0.662,0.5,0.662,0
-7.1321851e-07,-0.0048881327,-0.014874925,-5.9782909e-05,1,0.66299999,0.5,0.66299999,0
-7.9771429e-07,-0.00490291,-0.014916493,-6.0788284e-05,1,0.66399997,0.5,0.66399997,0
-8.822151e-07,-0.0049176882,-0.014958063,-6.1793719e-05,1,0.66500002,0.5,0.66500002,0
-9.6671088e-07,-0.0049324655,-0.014999631,-6.2799093e-05,1,0.66600001,0.5,0.66600001,0
-1.0512067e-06,-0.0049472428,-0.015041198,-6.3804468e-05,1,0.667,0.5,0.667,0
-1.1357024e-06,-0.0049620201,-0.015082766,-6.4809843e-05,1,0.66799998,0.5,0.66799998,0
-1.195137e-06,-0.0049769228,-0.015121288,-6.6489408e-05,1,0.66900003,0.5,0.66900003,0
-1.1806532e-06,-0.0049921917,-0.015150819,-7.0156737e-05,1,0.67000002,0.5,0.67000002,0
-1.1661694e-06,-0.0050074606,-0.015180351,-7.3824066e-05,1,0.671,0.5,0.671,0
-1.1516856e-06,-0.0050227294,-0.015209882,-7.7491394e-05,1,0.67199999,0.5,0.67199999,0
-1.1372018e-06,-0.0050379983,-0.015239413,-8.1158723e-05,1,0.67299998,0.5,0.67299998,0
-1.1227172e-06,-0.0050532681,-0.015268947,-8.4826271e-05,1,0.67400002,0.5,0.67400002,0
-1.1082334e-06,-0.005068537,-0.015298478,-8.84936e-05,1,0.67500001,0.5,0.67500001,0
-1.0909424e-06,-0.0050838084,-0.015328013,-9.2087159e-05,1,0.676,0.5,0.676,0
-8.1805922e-07,-0.005099312,-0.015357923,-8.8964e-05,1,0.67699999,0.5,0.67699999,0
-5.45176e-07,-0.0051148155,-0.015387832,-8.5840841e-05,1,0.67799997,0.5,0.67799997,0
-2.7227652e-07,-0.00513032,-0.015417744,-8.2717496e-05,1,0.67900002,0.5,0.67900002,0
6.0669398e-10,-0.0051458236,-0.015447653,-7.9594337e-05,1,0.68000001,0.5,0.68000001,0
2.7348991e-07,-0.0051613271,-0.015477563,-7.6471178e-05,1,0.68099999,0.5,0.68099999,0
5.4637312e-07,-0.0051768307,-0.015507472,-7.3348019e-05,1,0.68199998,0.5,0.68199998,0
8.192726e-07,-0.0051923352,-0.015537384,-7.0224674e-05,1,0.68300003,0.5,0.68300003,0
1.0921558e-06,-0.0052078387,-0.015567293,-6.7101515e-05,1,0.68400002,0.5,0.68400002,0
1.365039e-06,-0.0052233423,-0.015597203,-6.3978356e-05,1,0.685,0.5,0.685,0
1.6379223e-06,-0.0052388458,-0.015627112,-6.0855197e-05,1,0.68599999,0.5,0.68599999,0
1.9108055e-06,-0.0052543494,-0.015657022,-5.7732038e-05,1,0.68699998,0.5,0.68699998,0
2.1837049e-06,-0.0052698539,-0.015686933,-5.4608693e-05,1,0.68800002,0.5,0.68800002,0
2.4565882e-06,-0.0052853574,-0.015716843,-5.1485534e-05,1,0.68900001,0.5,0.68900001,0
2.7294714e-06,-0.005300861,-0.015746752,-4.8362375e-05,1,0.69,0.5,0.69,0
3.0023546e-06,-0.0053163645,-0.015776662,-4.5239216e-05,1,0.69099998,0.5,0.69099998,0
3.2752378e-06,-0.0053318681,-0.015806571,-4.2116057e-05,1,0.69199997,0.5,0.69199997,0
3.5481373e-06,-0.0053473726,-0.015836483,-3.8992712e-05,1,0.69300002,0.5,0.69300002,0
3.044668e-06,-0.0053635539,-0.015878681,-3.7170552e-05,1,0.69400001,0.5,0.69400001,0
2.5204491e-06,-0.0053797534,-0.015921208,-3.5383163e-05,1,0.69499999,0.5,0.69499999,0
1.9962301e-06,-0.0053959529,-0.015963734,-3.3595775e-05,1,0.69599998,0.5,0.69599998,0
1.4719799e-06,-0.0054121533,-0.016006264,-3.180828e-05,1,0.69700003,0.5,0.69700003,0
9.4776095e-07,-0.0054283528,-0.01604879,-3.0020891e-05,1,0.69800001,0.5,0.69800001,0
4.2354199e-07,-0.0054445522,-0.016091317,-2.8233503e-05,1,0.699,0.5,0.699,0
-1.0067697e-07,-0.0054607517,-0.016133844,-2.6446114e-05,1,0.69999999,0.5,0.69999999,0
-6.2489592e-07,-0.0054769512,-0.016176371,-2.4658726e-05,1,0.70099998,0.5,0.70099998,0
-1.1491461e-06,-0.0054931516,-0.0162189,-2.2871231e-05,1,0.70200002,0.5,0.70200002,0
-1.6733651e-06,-0.0055093511,-0.016261427,-2.1083842e-05,1,0.70300001,0.5,0.70300001,0
-2.197584e-06,-0.0055255505,-0.016303954,-1.9296454e-05,1,0.704,0.5,0.704,0
-2.721803e-06,-0.00554175,-0.01634648,-1.7509065e-05,1,0.70499998,0.5,0.70499998,0
-3.246022e-06,-0.0055579495,-0.016389007,-1.5721677e-05,1,0.70599997,0.5,0.70599997,0
-3.7702722e-06,-0.0055741499,-0.016431536,-1.3934182e-05,1,0.70700002,0.5,0.70700002,0
-5.2349464e-06,-0.0055907409,-0.016478215,-1.4288939e-05,1,0.708,0.5,0.708,0
-6.8160011e-06,-0.0056073804,-0.016525408,-1.4908786e-05,1,0.70899999,0.5,0.70899999,0
-8.3970557e-06,-0.0056240199,-0.016572601,-1.5528632e-05,1,0.70999998,0.5,0.70999998,0
-9.9782046e-06,-0.0056406603,-0.016619797,-1.6148515e-05,1,0.71100003,0.5,0.71100003,0
-1.1559259e-05,-0.0056572998,-0.016666989,-1.6768361e-05,1,0.71200001,0.5,0.71200001,0
-1.3140314e-05,-0.0056739393,-0.016714182,-1.7388207e-05,1,0.713,0.5,0.713,0
-1.4721369e-05,-0.0056905787,-0.016761375,-1.8008053e-05,1,0.71399999,0.5,0.71399999,0
-1.6302423e-05,-0.0057072182,-0.016808568,-1.8627899e-05,1,0.71499997,0.5,0.71499997,0
-1.4385323e-05,-0.0057241493,-0.01685099,-2.221733e-05,1,0.71600002,0.5,0.71600002,0
-9.7109661e-06,-0.0057413084,-0.016889648,-2.814719e-05,1,0.71700001,0.5,0.71700001,0
-5.0366087e-06,-0.0057584675,-0.016928305,-3.407705e-05,1,0.71799999,0.5,0.71799999,0
-3.6225126e-07,-0.0057756266,-0.016966963,-4.000691e-05,1,0.71899998,0.5,0.71899998,0
4.3123848e-06,-0.0057927867,-0.017005623,-4.5937123e-05,1,0.72000003,0.5,0.72000003,0
8.9867422e-06,-0.0058099458,-0.01704428,-5.1866983e-05,1,0.72100002,0.5,0.72100002,0
1.36611e-05,-0.0058271049,-0.017082938,-5.7796842e-05,1,0.722,0.5,0.722,0
1.8335457e-05,-0.005844264,-0.017121595,-6.3726702e-05,1,0.72299999,0.5,0.72299999,0
2.3009814e-05,-0.0058614232,-0.017160253,-6.9656562e-05,1,0.72399998,0.5,0.72399998,0
2.768445e-05,-0.0058785833,-0.017198912,-7.5586775e-05,1,0.72500002,0.5,0.72500002,0
3.2358808e-05,-0.0058957424,-0.01723757,-8.1516635e-05,1,0.72600001,0.5,0.72600001,0
3.7033165e-05,-0.0059129015,-0.017276228,-8.7446495e-05,1,0.727,0.5,0.727,0
4.1707523e-05,-0.0059300606,-0.017314885,-9.3376355e-05,1,0.72799999,0.5,0.72799999,0
4.638188e-05,-0.0059472197,-0.017353543,-9.9306214e-05,1,0.72899997,0.5,0.72899997,0
5.1056516e-05,-0.0059643799,-0.017392202,-0.00010523643,1,0.73000002,0.5,0.73000002,0
5.5730874e-05,-0.005981539,-0.01743086,-0.00011116629,1,0.73100001,0.5,0.73100001,0
6.0405231e-05,-0.0059986981,-0.017469517,-0.00011709615,1,0.73199999,0.5,0.73199999,0
6.5079588e-05,-0.0060158572,-0.017508175,-0.00012302601,1,0.73299998,0.5,0.73299998,0
6.8784753e-05,-0.0060331938,-0.017547165,-0.000127393,1,0.73400003,0.5,0.73400003,0
6.9378981e-05,-0.0060510957,-0.01758721,-0.00012674387,1,0.73500001,0.5,0.73500001,0
6.9973208e-05,-0.0060689977,-0.017627256,-0.00012609474,1,0.736,0.5,0.736,0
7.0567436e-05,-0.0060868996,-0.017667302,-0.00012544561,1,0.73699999,0.5,0.73699999,0
7.1161663e-05,-0.0061048015,-0.017707347,-0.00012479648,1,0.73799998,0.5,0.73799998,0
7.1755926e-05,-0.0061227045,-0.017747396,-0.00012414731,1,0.73900002,0.5,0.73900002,0
7.2350154e-05,-0.0061406065,-0.017787441,-0.00012349818,1,0.74000001,0.5,0.74000001,0
7.2944381e-05,-0.0061585084,-0.017827487,-0.00012284905,1,0.741,0.5,0.741,0
6.6671197e-05,-0.0061764551,-0.017869158,-0.0001222466,1,0.74199998,0.5,0.74199998,0
4.3328112e-05,-0.0061945131,-0.017914869,-0.00012176017,1,0.74299997,0.5,0.74299997,0
1.9983636e-05,-0.0062125722,-0.017960584,-0.00012127372,1,0.74400002,0.5,0.74400002,0
-3.3594484e-06,-0.0062306302,-0.018006295,-0.00012078729,1,0.745,0.5,0.745,0
-2.6702533e-05,-0.0062486882,-0.018052006,-0.00012030086,1,0.74599999,0.5,0.74599999,0
-5.0045618e-05,-0.0062667462,-0.018097718,-0.00011981443,1,0.74699998,0.5,0.74699998,0
-7.3390094e-05,-0.0062848052,-0.018143432,-0.00011932798,1,0.74800003,0.5,0.74800003,0
-9.6733178e-05,-0.0063028632,-0.018189143,-0.00011884155,1,0.74900001,0.5,0.74900001,0
-0.00012007626,-0.0063209212,-0.018234854,-0.00011835512,1,0.75,0.5,0.75,0
-0.00014341935,-0.0063389792,-0.018280566,-0.00011786869,1,0.75099999,0.5,0.75099999,0
-0.00016676243,-0.0063570372,-0.018326277,-0.00011738226,1,0.75199997,0.5,0.75199997,0
-0.00019010691,-0.0063750963,-0.018371991,-0.00011689581,1,0.75300002,0.5,0.75300002,0
-0.00021344999,-0.0063931543,-0.018417703,-0.00011640938,1,0.75400001,0.5,0.75400001,0
-0.00023679308,-0.0064112123,-0.018463414,-0.00011592295,1,0.755,0.5,0.755,0
-0.00026013616,-0.0064292703,-0.018509125,-0.00011543652,1,0.75599998,0.5,0.75599998,0
-0.00028348064,-0.0064473294,-0.018554839,-0.00011495007,1,0.75700003,0.5,0.75700003,0
-0.00030682372,-0.0064653874,-0.018600551,-0.00011446364,1,0.75800002,0.5,0.75800002,0
-0.00033016681,-0.0064834454,-0.018646262,-0.00011397721,1,0.759,0.5,0.759,0
-0.00027158082,-0.0065024238,-0.018695391,-0.00011399427,1,0.75999999,0.5,0.75999999,0
-0.00017843923,-0.0065217905,-0.01874596,-0.00011422369,1,0.76099998,0.5,0.76099998,0
-8.529209e-05,-0.0065411583,-0.018796533,-0.00011445312,1,0.76200002,0.5,0.76200002,0
7.8494993e-06,-0.006560525,-0.018847102,-0.00011468253,1,0.76300001,0.5,0.76300001,0
0.00010099109,-0.0065798917,-0.018897672,-0.00011491195,1,0.764,0.5,0.764,0
0.00019413268,-0.0065992584,-0.018948242,-0.00011514137,1,0.76499999,0.5,0.76499999,0
0.00028727427,-0.006618625,-0.018998811,-0.00011537079,1,0.76599997,0.5,0.76599997,0
0.00038042141,-0.0066379929,-0.019049384,-0.00011560022,1,0.76700002,0.5,0.76700002,0
0.000473563,-0.0066573596,-0.019099954,-0.00011582963,1,0.76800001,0.5,0.76800001,0
0.00056670459,-0.0066767262,-0.019150523,-0.00011605905,1,0.76899999,0.5,0.76899999,0
0.00065984618,-0.0066960929,-0.019201093,-0.00011628847,1,0.76999998,0.5,0.76999998,0
0.00075299332,-0.0067154607,-0.019251666,-0.0001165179,1,0.77100003,0.5,0.77100003,0
0.00084613491,-0.0067348274,-0.019302235,-0.00011674731,1,0.77200001,0.5,0.77200001,0
0.0009392765,-0.0067541941,-0.019352805,-0.00011697673,1,0.773,0.5,0.773,0
0.0010324181,-0.0067735608,-0.019403374,-0.00011720615,1,0.77399999,0.5,0.77399999,0
0.0011255597,-0.0067929275,-0.019453944,-0.00011743556,1,0.77499998,0.5,0.77499998,0
0.0012187068,-0.0068122953,-0.019504517,-0.000117665,1,0.77600002,0.5,0.77600002,0
0.0013118484,-0.006831662,-0.019555086,-0.00011789441,1,0.77700001,0.5,0.77700001,0
0.00140499,-0.0068510286,-0.019605656,-0.00011812383,1,0.778,0.5,0.778,0
0.0014981316,-0.0068703953,-0.019656226,-0.00011835325,1,0.77899998,0.5,0.77899998,0
0.0015912732,-0.006889762,-0.019706795,-0.00011858266,1,0.77999997,0.5,0.77999997,0
0.0016844203,-0.0069091298,-0.019757368,-0.00011881209,1,0.78100002,0.5,0.78100002,0
0.0017775619,-0.0069284965,-0.019807938,-0.00011904151,1,0.78200001,0.5,0.78200001,0
0.001858489,-0.0069477486,-0.019856234,-0.00012358241,1,0.78299999,0.5,0.78299999,0
0.0019305906,-0.0069669179,-0.019902887,-0.00013123855,1,0.78399998,0.5,0.78399998,0
0.0020026965,-0.0069860884,-0.019949544,-0.00013889514,1,0.78500003,0.5,0.78500003,0
0.0018762215,-0.0070060603,-0.019993469,-0.00014530287,1,0.78600001,0.5,0.78600001,0
0.0015108424,-0.007026998,-0.020034113,-0.00015020865,1,0.787,0.5,0.787,0
0.0011454634,-0.0070479356,-0.020074756,-0.00015511443,1,0.78799999,0.5,0.78799999,0
0.00078008431,-0.0070688733,-0.0201154,-0.00016002021,1,0.78899997,0.5,0.78899997,0
0.00041468347,-0.0070898122,-0.020156046,-0.00016492628,1,0.79000002,0.5,0.79000002,0
8.3780289e-05,-0.0071105553,-0.02019776,-0.00017039604,1,0.79100001,0.5,0.79100001,0
-0.00021169067,-0.0071310984,-0.020240575,-0.00017644543,1,0.792,0.5,0.792,0
-0.00050716163,-0.0071516415,-0.02028339,-0.00018249482,1,0.79299998,0.5,0.79299998,0
-0.00080265019,-0.0071721858,-0.020326207,-0.00018854457,1,0.79400003,0.5,0.79400003,0
-0.0010981212,-0.0071927289,-0.020369021,-0.00019459396,1,0.79500002,0.5,0.79500002,0
-0.0013935921,-0.007213272,-0.020411836,-0.00020064335,1,0.796,0.5,0.796,0
-0.0016890631,-0.0072338152,-0.020454651,-0.00020669273,1,0.79699999,0.5,0.79699999,0
-0.001984534,-0.0072543583,-0.020497466,-0.00021274212,1,0.79799998,0.5,0.79799998,0
-0.0022800226,-0.0072749026,-0.020540283,-0.00021879187,1,0.79900002,0.5,0.79900002,0
-0.0025754935,-0.0072954457,-0.020583097,-0.00022484126,1,0.80000001,0.5,0.80000001,0
-0.0028709645,-0.0073159888,-0.020625912,-0.00023089065,1,0.801,0.5,0.801,0
-0.0031664355,-0.0073365319,-0.020668727,-0.00023694004,1,0.80199999,0.5,0.80199999,0
-0.0034619064,-0.0073570751,-0.020711542,-0.00024298943,1,0.80299997,0.5,0.80299997,0
-0.003757395,-0.0073776194,-0.020754359,-0.00024903918,1,0.80400002,0.5,0.80400002,0
-0.0040528659,-0.0073981625,-0.020797173,-0.00025508856,1,0.80500001,0.5,0.80500001,0
-0.0043483369,-0.0074187056,-0.020839988,-0.00026113795,1,0.80599999,0.5,0.80599999,0
-0.0046438079,-0.0074392487,-0.020882803,-0.00026718734,1,0.80699998,0.5,0.80699998,0
-0.0049392964,-0.0074597931,-0.02092562,-0.00027323709,1,0.80800003,0.5,0.80800003,0
-0.0052347674,-0.0074803362,-0.020968435,-0.00027928648,1,0.80900002,0.5,0.80900002,0
-0.0055302383,-0.0075008793,-0.021011249,-0.00028533587,1,0.81,0.5,0.81,0
-0.0058257093,-0.0075214224,-0.021054064,-0.00029138526,1,0.81099999,0.5,0.81099999,0
-0.0061211803,-0.0075419655,-0.021096879,-0.00029743464,1,0.81199998,0.5,0.81199998,0
-0.0064166688,-0.0075625099,-0.021139696,-0.00030348439,1,0.81300002,0.5,0.81300002,0
-0.0065893779,-0.0075832495,-0.021186504,-0.00030774019,1,0.81400001,0.5,0.81400001,0
-0.0060219074,-0.0076051737,-0.021257392,-0.0003011817,1,0.815,0.5,0.815,0
-0.0054544368,-0.0076270979,-0.021328279,-0.00029462321,1,0.81599998,0.5,0.81599998,0
-0.0048869662,-0.0076490222,-0.021399166,-0.00028806473,1,0.81699997,0.5,0.81699997,0
-0.0043194618,-0.0076709477,-0.021470057,-0.00028150585,1,0.81800002,0.5,0.81800002,0
-0.0037519912,-0.007692872,-0.021540944,-0.00027494736,1,0.81900001,0.5,0.81900001,0
-0.0031845206,-0.0077147962,-0.021611831,-0.00026838888,1,0.81999999,0.5,0.81999999,0
-0.00261705,-0.0077367204,-0.021682718,-0.00026183039,1,0.82099998,0.5,0.82099998,0
-0.0020495456,-0.007758646,-0.02175361,-0.00025527151,1,0.82200003,0.5,0.82200003,0
-0.0014820751,-0.0077805702,-0.021824497,-0.00024871303,1,0.82300001,0.5,0.82300001,0
-0.00091460449,-0.0078024945,-0.021895384,-0.00024215454,1,0.824,0.5,0.824,0
0.0001030573,-0.0078246321,-0.021981667,-0.00024763872,1,0.82499999,0.5,0.82499999,0
0.0018418348,-0.0078471116,-0.022092613,-0.00027241283,1,0.82599998,0.5,0.82599998,0
0.0035807159,-0.0078695923,-0.022203565,-0.00029718841,1,0.82700002,0.5,0.82700002,0
0.0053194933,-0.0078920718,-0.02231451,-0.00032196252,1,0.82800001,0.5,0.82800001,0
0.0070582708,-0.0079145512,-0.022425455,-0.00034673662,1,0.829,0.5,0.829,0
0.0087970483,-0.0079370307,-0.022536401,-0.00037151073,1,0.82999998,0.5,0.82999998,0
0.010535826,-0.0079595101,-0.022647346,-0.00039628484,1,0.83099997,0.5,0.83099997,0
0.012274707,-0.0079819909,-0.022758298,-0.00042106042,1,0.83200002,0.5,0.83200002,0
0.014013484,-0.0080044703,-0.022869243,-0.00044583453,1,0.833,0.5,0.833,0
0.015752262,-0.0080269498,-0.022980188,-0.00047060863,1,0.83399999,0.5,0.83399999,0
0.017491039,-0.0080494292,-0.023091134,-0.00049538274,1,0.83499998,0.5,0.83499998,0
0.01922992,-0.00807191,-0.023202086,-0.00052015832,1,0.83600003,0.5,0.83600003,0
0.020968698,-0.0080943895,-0.023313031,-0.00054493243,1,0.83700001,0.5,0.83700001,0
0.022707475,-0.0081168689,-0.023423976,-0.00056970654,1,0.838,0.5,0.838,0
0.024446253,-0.0081393484,-0.023534921,-0.00059448064,1,0.83899999,0.5,0.83899999,0
0.02618503,-0.0081618278,-0.023645867,-0.00061925475,1,0.83999997,0.5,0.83999997,0
0.027923911,-0.0081843086,-0.023756819,-0.00064403033,1,0.84100002,0.5,0.84100002,0
0.029662689,-0.008206788,-0.023867764,-0.00066880444,1,0.84200001,0.5,0.84200001,0
0.025870591,-0.0082310849,-0.023908553,-0.00067558769,1,0.84299999,0.5,0.84299999,0
0.020212144,-0.0082559951,-0.023925667,-0.00067630007,1,0.84399998,0.5,0.84399998,0
0.014553358,-0.0082809068,-0.023942783,-0.00067701249,1,0.84500003,0.5,0.84500003,0
0.0088949104,-0.008305817,-0.023959898,-0.00067772487,1,0.84600002,0.5,0.84600002,0
0.0032364625,-0.0083307272,-0.023977012,-0.00067843725,1,0.847,0.5,0.847,0
-0.0024219854,-0.0083556373,-0.023994127,-0.00067914962,1,0.84799999,0.5,0.84799999,0
-0.0080804333,-0.0083805475,-0.024011242,-0.000679862,1,0.84899998,0.5,0.84899998,0
-0.013739219,-0.0084054592,-0.024028358,-0.00068057442,1,0.85000002,0.5,0.85000002,0
-0.019397666,-0.0084303694,-0.024045472,-0.0006812868,1,0.85100001,0.5,0.85100001,0
-0.025056114,-0.0084552796,-0.024062587,-0.00068199918,1,0.852,0.5,0.852,0
-0.030714562,-0.0084801898,-0.024079702,-0.00068271156,1,0.85299999,0.5,0.85299999,0
-0.03637301,-0.0085050999,-0.024096817,-0.00068342393,1,0.85399997,0.5,0.85399997,0
-0.042031795,-0.0085300116,-0.024113932,-0.00068413635,1,0.85500002,0.5,0.85500002,0
-0.047494958,-0.0085546558,-0.024125796,-0.00068709394,1,0.85600001,0.5,0.85600001,0
-0.052500714,-0.0085786769,-0.024125361,-0.00069531038,1,0.85699999,0.5,0.85699999,0
-0.05750647,-0.008602698,-0.024124926,-0.00070352682,1,0.85799998,0.5,0.85799998,0
-0.062512524,-0.0086267205,-0.02412449,-0.00071174375,1,0.85900003,0.5,0.85900003,0
-0.06751828,-0.0086507416,-0.024124055,-0.00071996019,1,0.86000001,0.5,0.86000001,0
-0.072524036,-0.0086747627,-0.02412362,-0.00072817664,1,0.861,0.5,0.861,0
-0.077529791,-0.0086987838,-0.024123185,-0.00073639308,1,0.86199999,0.5,0.86199999,0
-0.082535547,-0.0087228049,-0.024122749,-0.00074460952,1,0.86299998,0.5,0.86299998,0
-0.087541601,-0.0087468274,-0.024122314,-0.00075282645,1,0.86400002,0.5,0.86400002,0
-0.092547357,-0.0087708485,-0.024121879,-0.00076104289,1,0.86500001,0.5,0.86500001,0
-0.097553113,-0.0087948696,-0.024121444,-0.00076925933,1,0.866,0.5,0.866,0
-0.10255887,-0.0088188907,-0.024121008,-0.00077747577,1,0.86699998,0.5,0.86699998,0
-0.10773296,-0.0088437218,-0.024158389,-0.00079540215,1,0.86799997,0.5,0.86799997,0
-0.11334161,-0.0088706441,-0.024293326,-0.0008383784,1,0.86900002,0.5,0.86900002,0
-0.11894993,-0.0088975648,-0.024428255,-0.00088135209,1,0.87,0.5,0.87,0
-0.12455825,-0.0089244855,-0.024563184,-0.00092432578,1,0.87099999,0.5,0.87099999,0
-0.13016657,-0.0089514062,-0.024698113,-0.00096729947,1,0.87199998,0.5,0.87199998,0
-0.13577523,-0.0089783285,-0.02483305,-0.0010102757,1,0.87300003,0.5,0.87300003,0
-0.14138355,-0.0090052492,-0.024967979,-0.0010532494,1,0.87400001,0.5,0.87400001,0
-0.14699187,-0.0090321699,-0.025102908,-0.0010962231,1,0.875,0.5,0.875,0
-0.15260019,-0.0090590906,-0.025237837,-0.0011391968,1,0.87599999,0.5,0.87599999,0
-0.13016529,-0.0090866438,-0.025670761,-0.001203819,1,0.87699997,0.5,0.87699997,0
-0.10223497,-0.0091143227,-0.026162091,-0.0012726864,1,0.87800002,0.5,0.87800002,0
-0.074306321,-0.0091419999,-0.026653393,-0.0013415497,1,0.87900001,0.5,0.87900001,0
-0.046377671,-0.0091696771,-0.027144694,-0.001410413,1,0.88,0.5,0.88,0
-0.01844902,-0.0091973543,-0.027635996,-0.0014792762,1,0.88099998,0.5,0.88099998,0
0.0094812956,-0.0092250331,-0.028127326,-0.0015481436,1,0.88200003,0.5,0.88200003,0
0.037409946,-0.0092527103,-0.028618628,-0.0016170069,1,0.88300002,0.5,0.88300002,0
0.065338597,-0.0092803875,-0.029109929,-0.0016858701,1,0.884,0.5,0.884,0
0.093267248,-0.0093080647,-0.02960123,-0.0017547334,1,0.88499999,0.5,0.88499999,0
0.1211959,-0.0093357419,-0.030092532,-0.0018235967,1,0.88599998,0.5,0.88599998,0
0.14912621,-0.0093634207,-0.030583863,-0.001892464,1,0.88700002,0.5,0.88700002,0
0.17705486,-0.0093910979,-0.031075164,-0.0019613273,1,0.88800001,0.5,0.88800001,0
0.20498352,-0.0094187751,-0.031566465,-0.0020301906,1,0.889,0.5,0.889,0
0.23291217,-0.0094464523,-0.032057767,-0.0020990538,1,0.88999999,0.5,0.88999999,0
0.26084082,-0.0094741295,-0.032549068,-0.0021679171,1,0.89099997,0.5,0.89099997,0
0.28612083,-0.009502037,-0.032998403,-0.0022442533,1,0.89200002,0.5,0.89200002,0
0.28965966,-0.0095318184,-0.033103232,-0.0023818494,1,0.89300001,0.5,0.89300001,0
0.29319849,-0.0095615999,-0.033208061,-0.0025194455,1,0.89399999,0.5,0.89399999,0
0.29673732,-0.0095913813,-0.03331289,-0.0026570415,1,0.89499998,0.5,0.89499998,0
0.30027636,-0.0096211645,-0.033417725,-0.0027946458,1,0.89600003,0.5,0.89600003,0
0.30381519,-0.0096509459,-0.033522553,-0.0029322419,1,0.89700001,0.5,0.89700001,0
0.30735402,-0.0096807273,-0.033627382,-0.003069838,1,0.898,0.5,0.898,0
0.31089285,-0.0097105087,-0.033732211,-0.0032074341,1,0.89899999,0.5,0.89899999,0
0.31443169,-0.0097402901,-0.03383704,-0.0033450302,1,0.89999998,0.5,0.89999998,0
0.31797073,-0.0097700733,-0.033941875,-0.0034826345,1,0.90100002,0.5,0.90100002,0
0.32150956,-0.0097998547,-0.034046704,-0.0036202306,1,0.90200001,0.5,0.90200001,0
0.25979845,-0.0098311122,-0.033421861,-0.0035831204,1,0.903,0.5,0.903,0
0.16289885,-0.0098631656,-0.032403514,-0.0034517934,1,0.90399998,0.5,0.90399998,0
0.065999248,-0.0098952191,-0.031385168,-0.0033204664,1,0.90499997,0.5,0.90499997,0
-0.030906129,-0.0099272745,-0.03036676,-0.0031891315,1,0.90600002,0.5,0.90600002,0
-0.12780573,-0.0099593279,-0.029348414,-0.0030578045,1,0.90700001,0.5,0.90700001,0
-0.22470533,-0.0099913814,-0.028330067,-0.0029264774,1,0.90799999,0.5,0.90799999,0
-0.32160494,-0.010023435,-0.027311721,-0.0027951504,1,0.90899998,0.5,0.90899998,0
-0.41851031,-0.01005549,-0.026293314,-0.0026638155,1,0.91000003,0.5,0.91000003,0
-0.51540992,-0.010087544,-0.025274967,-0.0025324885,1,0.91100001,0.5,0.91100001,0
-0.61230952,-0.010119597,-0.024256621,-0.0024011614,1,0.912,0.5,0.912,0
-0.70920912,-0.010151651,-0.023238274,-0.0022698344,1,0.91299999,0.5,0.91299999,0
-0.80610872,-0.010183704,-0.022219928,-0.0021385074,1,0.91399997,0.5,0.91399997,0
-0.76958521,-0.010217406,-0.023090826,-0.0021090061,1,0.91500002,0.5,0.91500002,0
-0.58621046,-0.010252918,-0.026041065,-0.0021915859,1,0.91600001,0.5,0.91600001,0
-0.4028357,-0.01028843,-0.028991303,-0.0022741657,1,0.917,0.5,0.917,0
-0.21946095,-0.010323942,-0.031941542,-0.0023567455,1,0.91799998,0.5,0.91799998,0
-0.036075264,-0.010359456,-0.034891956,-0.0024393302,1,0.91900003,0.5,0.91900003,0
0.14729949,-0.010394968,-0.037842195,-0.00252191,1,0.92000002,0.5,0.92000002,0
0.33067424,-0.01043048,-0.040792433,-0.0026044898,1,0.921,0.5,0.921,0
0.514049,-0.010465992,-0.043742672,-0.0026870696,1,0.92199999,0.5,0.92199999,0
0.69742375,-0.010501504,-0.046692911,-0.0027696494,1,0.92299998,0.5,0.92299998,0
0.88080943,-0.010537018,-0.049643325,-0.0028522341,1,0.92400002,0.5,0.92400002,0
1.0641842,-0.01057253,-0.052593564,-0.0029348139,1,0.92500001,0.5,0.92500001,0
1.2475589,-0.010608042,-0.055543802,-0.0030173937,1,0.926,0.5,0.926,0
1.4309337,-0.010643554,-0.058494041,-0.0030999735,1,0.92699999,0.5,0.92699999,0
1.6143084,-0.010679066,-0.061444279,-0.0031825533,1,0.92799997,0.5,0.92799997,0
1.7976941,-0.01071458,-0.064394694,-0.0032651381,1,0.92900002,0.5,0.92900002,0
1.9810689,-0.010750092,-0.067344933,-0.0033477179,1,0.93000001,0.5,0.93000001,0
2.1644436,-0.010785604,-0.070295171,-0.0034302977,1,0.93099999,0.5,0.93099999,0
2.3478184,-0.010821116,-0.07324541,-0.0035128775,1,0.93199998,0.5,0.93199998,0
2.5312041,-0.01085663,-0.076195824,-0.0035954622,1,0.93300003,0.5,0.93300003,0
2.7228182,-0.010893125,-0.079358922,-0.0037406347,1,0.93400002,0.5,0.93400002,0
2.992442,-0.010938921,-0.084537345,-0.0044784284,1,0.935,0.5,0.935,0
3.2620658,-0.010984717,-0.089715768,-0.005216222,1,0.93599999,0.5,0.93599999,0
3.5316896,-0.011030513,-0.094894191,-0.0059540156,1,0.93699998,0.5,0.93699998,0
3.8013295,-0.011076312,-0.10007292,-0.0066918532,1,0.93800002,0.5,0.93800002,0
4.0709533,-0.011122108,-0.10525135,-0.0074296469,1,0.93900001,0.5,0.93900001,0
3.5927834,-0.011174426,-0.098562909,-0.007250363,1,0.94,0.5,0.94,0
2.954507,-0.01122814,-0.089333717,-0.006874728,1,0.94099998,0.5,0.94099998,0
2.3162306,-0.011281854,-0.080104524,-0.0064990931,1,0.94199997,0.5,0.94199997,0
1.6779161,-0.011335571,-0.070874782,-0.0061234358,1,0.94300002,0.5,0.94300002,0
1.0396397,-0.011389285,-0.06164559,-0.0057478009,1,0.94400001,0.5,0.94400001,0
0.40136332,-0.011442999,-0.052416398,-0.005372166,1,0.94499999,0.5,0.94499999,0
-0.23691307,-0.011496713,-0.043187205,-0.0049965311,1,0.94599998,0.5,0.94599998,0
-0.87522752,-0.01155043,-0.033957463,-0.0046208738,1,0.94700003,0.5,0.94700003,0
-1.5135039,-0.011604144,-0.024728271,-0.0042452389,1,0.94800001,0.5,0.94800001,0
-2.1517803,-0.011657858,-0.015499079,-0.003869604,1,0.949,0.5,0.949,0
-2.7900567,-0.011711572,-0.0062698865,-0.0034939691,1,0.94999999,0.5,0.94999999,0
-3.4283331,-0.011765286,0.0029593057,-0.0031183342,1,0.95099998,0.5,0.95099998,0
-4.0666476,-0.011819003,0.012189048,-0.0027426769,1,0.95200002,0.5,0.95200002,0
-4.7049239,-0.011872717,0.02141824,-0.002367042,1,0.95300001,0.5,0.95300001,0
-5.3432003,-0.011926431,0.030647432,-0.0019914071,1,0.954,0.5,0.954,0
-5.9814767,-0.011980145,0.039876625,-0.0016157722,1,0.95499998,0.5,0.95499998,0
-6.6197531,-0.012033859,0.049105817,-0.0012401373,1,0.95599997,0.5,0.95599997,0
-7.2580676,-0.012087576,0.058335559,-0.00086448001,1,0.95700002,0.5,0.95700002,0
-7.896344,-0.01214129,0.067564751,-0.00048884511,1,0.958,0.5,0.958,0
-8.5346204,-0.012195004,0.076793943,-0.0001132102,1,0.95899999,0.5,0.95899999,0
-9.1728968,-0.012248717,0.086023136,0.0002624247,1,0.95999998,0.5,0.95999998,0
-9.8112112,-0.012302435,0.095252878,0.000638082,1,0.96100003,0.5,0.96100003,0
-10.449488,-0.012356149,0.10448207,0.0010137169,1,0.96200001,0.5,0.96200001,0
-11.087764,-0.012409862,0.11371126,0.0013893518,1,0.963,0.5,0.963,0
-11.72604,-0.012463576,0.12294045,0.0017649867,1,0.96399999,0.5,0.96399999,0
-12.364317,-0.01251729,0.13216965,0.0021406216,1,0.96499997,0.5,0.96499997,0
-13.002631,-0.012571007,0.14139939,0.0025162789,1,0.96600002,0.5,0.96600002,0
-13.640908,-0.012624721,0.15062858,0.0028919138,1,0.96700001,0.5,0.96700001,0
-14.24272,-0.012677148,0.15909908,0.0029646807,1,0.96799999,0.5,0.96799999,0
-14.820363,-0.012728721,0.16706673,0.0028367055,1,0.96899998,0.5,0.96899998,0
-15.39804,-0.012780298,0.17503484,0.0027087227,1,0.97000003,0.5,0.97000003,0
-15.975683,-0.012831871,0.18300249,0.0025807476,1,0.97100002,0.5,0.97100002,0
-16.553326,-0.012883444,0.19097013,0.0024527724,1,0.972,0.5,0.972,0
-17.377716,-0.012720483,0.20901166,0.0032098618,1,0.97299999,0.5,0.97299999,0
-18.406197,-0.012356932,0.23612996,0.0045659344,1,0.97399998,0.5,0.97399998,0
-19.331164,-0.011881644,0.26551093,0.0043903135,1,0.97500002,0.5,0.97500002,0
-20.256076,-0.011406384,0.29489014,0.004214703,1,0.97600001,0.5,0.97600001,0
-21.180988,-0.010931123,0.32426935,0.0040390926,1,0.977,0.5,0.977,0
-22.105899,-0.010455863,0.35364857,0.0038634821,1,0.97799999,0.5,0.97799999,0
-23.030811,-0.0099806033,0.38302778,0.0036878717,1,0.97899997,0.5,0.97899997,0
-23.955778,-0.0095053149,0.41240874,0.0035122508,1,0.98000002,0.5,0.98000002,0
-24.88069,-0.0090300548,0.44178795,0.0033366403,1,0.98100001,0.5,0.98100001,0
-25.805602,-0.0085547947,0.47116717,0.0031610299,1,0.98199999,0.5,0.98199999,0
-26.730514,-0.0080795346,0.50054638,0.0029854194,1,0.98299998,0.5,0.98299998,0
-27.65548,-0.0076042462,0.52992734,0.0028097985,1,0.98400003,0.5,0.98400003,0
-28.580392,-0.0071289862,0.55930656,0.0026341881,1,0.98500001,0.5,0.98500001,0
-29.505304,-0.0066537261,0.58868577,0.0024585776,1,0.986,0.5,0.986,0
-30.430216,-0.006178466,0.61806498,0.0022829672,1,0.98699999,0.5,0.98699999,0
-31.355128,-0.0057032059,0.64744419,0.0021073567,1,0.98799998,0.5,0.98799998,0
-32.280095,-0.0052279175,0.67682516,0.0019317358,1,0.98900002,0.5,0.98900002,0
-33.205006,-0.0047526574,0.70620437,0.0017561254,1,0.99000001,0.5,0.99000001,0
-34.129918,-0.0042773974,0.73558358,0.0015805149,1,0.991,0.5,0.991,0
-35.05483,-0.0038021373,0.7649628,0.0014049045,1,0.99199998,0.5,0.99199998,0
-35.979742,-0.0033268772,0.79434201,0.001229294,1,0.99299997,0.5,0.99299997,0
-36.904709,-0.0028515888,0.82372297,0.0010536731,1,0.99400002,0.5,0.99400002,0
-37.829621,-0.0023763287,0.85310219,0.00087806269,1,0.995,0.5,0.995,0
-38.754532,-0.0019010686,0.8824814,0.00070245225,1,0.99599999,0.5,0.99599999,0
-39.679444,-0.0014258086,0.91186061,0.0005268418,1,0.99699998,0.5,0.99699998,0
-40.604411,-0.00095052016,0.94124157,0.00035122089,1,0.99800003,0.5,0.99800003,0
-41.529323,-0.00047526008,0.97062079,0.00017561044,1,0.99900001,0.5,0.99900001,0
-42.454235,2.6533204e-17,1,0,1,1,0.5,1,0
