1 0 0 0 0
2 1 0 0 0
3 1 1 0 0
4 0 1 0 0
5 0 0.9705882352941176 0 0
6 0 0.9411764705882353 0 0
7 0 0.9117647058823528 0 0
8 0 0.8823529411764705 0 0
9 0 0.8529411764705881 0 0
10 0 0.8235294117647057 0 0
11 0 0.7941176470588234 0 0
12 0 0.7647058823529409 0 0
13 0 0.7352941176470585 0 0
14 0 0.7058823529411761 0 0
15 0 0.6764705882352935 0 0
16 0 0.6470588235294111 0 0
17 0 0.6176470588235287 0 0
18 0 0.5882352941176462 0 0
19 0 0.5588235294117638 0 0
20 0 0.5294117647058814 0 0
21 0 0.4999999999999989 0 0
22 0 0.4705882352941168 0 0
23 0 0.4411764705882344 0 0
24 0 0.4117647058823521 0 0
25 0 0.3823529411764699 0 0
26 0 0.3529411764705877 0 0
27 0 0.3235294117647054 0 0
28 0 0.2941176470588232 0 0
29 0 0.2647058823529408 0 0
30 0 0.2352941176470587 0 0
31 0 0.2058823529411764 0 0
32 0 0.1764705882352941 0 0
33 0 0.1470588235294118 0 0
34 0 0.1176470588235297 0 0
35 0 0.0882352941176473 0 0
36 0 0.05882352941176505 0 0
37 0 0.02941176470588269 0 0
38 0.02941176470588239 0 0 0
39 0.05882352941176477 0 0 0
40 0.08823529411764718 0 0 0
41 0.1176470588235296 0 0 0
42 0.147058823529412 0 0 0
43 0.1764705882352943 0 0 0
44 0.2058823529411767 0 0 0
45 0.235294117647059 0 0 0
46 0.2647058823529415 0 0 0
47 0.2941176470588239 0 0 0
48 0.3235294117647065 0 0 0
49 0.3529411764705889 0 0 0
50 0.3823529411764713 0 0 0
51 0.4117647058823538 0 0 0
52 0.4411764705882362 0 0 0
53 0.4705882352941187 0 0 0
54 0.5000000000000011 0 0 0
55 0.5294117647058833 0 0 0
56 0.5588235294117656 0 0 0
57 0.5882352941176479 0 0 0
58 0.6176470588235301 0 0 0
59 0.6470588235294124 0 0 0
60 0.6764705882352946 0 0 0
61 0.7058823529411769 0 0 0
62 0.7352941176470592 0 0 0
63 0.7647058823529414 0 0 0
64 0.7941176470588236 0 0 0
65 0.823529411764706 0 0 0
66 0.8529411764705882 0 0 0
67 0.8823529411764703 0 0 0
68 0.9117647058823527 0 0 0
69 0.941176470588235 0 0 0
70 0.9705882352941173 0 0 0
71 1 0.02941176470588239 0 0
72 1 0.05882352941176477 0 0
73 1 0.08823529411764718 0 0
74 1 0.1176470588235296 0 0
75 1 0.147058823529412 0 0
76 1 0.1764705882352943 0 0
77 1 0.2058823529411767 0 0
78 1 0.235294117647059 0 0
79 1 0.2647058823529415 0 0
80 1 0.2941176470588239 0 0
81 1 0.3235294117647065 0 0
82 1 0.3529411764705889 0 0
83 1 0.3823529411764713 0 0
84 1 0.4117647058823538 0 0
85 1 0.4411764705882362 0 0
86 1 0.4705882352941187 0 0
87 1 0.5000000000000011 0 0
88 1 0.5294117647058833 0 0
89 1 0.5588235294117656 0 0
90 1 0.5882352941176479 0 0
91 1 0.6176470588235301 0 0
92 1 0.6470588235294124 0 0
93 1 0.6764705882352946 0 0
94 1 0.7058823529411769 0 0
95 1 0.7352941176470592 0 0
96 1 0.7647058823529414 0 0
97 1 0.7941176470588236 0 0
98 1 0.823529411764706 0 0
99 1 0.8529411764705882 0 0
100 1 0.8823529411764703 0 0
101 1 0.9117647058823527 0 0
102 1 0.941176470588235 0 0
103 1 0.9705882352941173 0 0
104 0.9705882352941176 1 0 0
105 0.9411764705882353 1 0 0
106 0.9117647058823528 1 0 0
107 0.8823529411764705 1 0 0
108 0.8529411764705881 1 0 0
109 0.8235294117647057 1 0 0
110 0.7941176470588234 1 0 0
111 0.7647058823529409 1 0 0
112 0.7352941176470585 1 0 0
113 0.7058823529411761 1 0 0
114 0.6764705882352935 1 0 0
115 0.6470588235294111 1 0 0
116 0.6176470588235287 1 0 0
117 0.5882352941176462 1 0 0
118 0.5588235294117638 1 0 0
119 0.5294117647058814 1 0 0
120 0.4999999999999989 1 0 0
121 0.4705882352941168 1 0 0
122 0.4411764705882344 1 0 0
123 0.4117647058823521 1 0 0
124 0.3823529411764699 1 0 0
125 0.3529411764705877 1 0 0
126 0.3235294117647054 1 0 0
127 0.2941176470588232 1 0 0
128 0.2647058823529408 1 0 0
129 0.2352941176470587 1 0 0
130 0.2058823529411764 1 0 0
131 0.1764705882352941 1 0 0
132 0.1470588235294118 1 0 0
133 0.1176470588235297 1 0 0
134 0.0882352941176473 1 0 0
135 0.05882352941176505 1 0 0
136 0.02941176470588269 1 0 0
137 0.5022044763634699 0.4988841530350382 0 0
138 0.2914651391606275 0.7074441698129013 0 0
139 0.2928921568627451 0.2928921568627451 0 0
140 0.7086886462395696 0.291557193423897 0 0
141 0.7048892955630458 0.7071275281274627 0 0
142 0.7799800411627872 0.5015925369645418 0 0
143 0.5019850287995469 0.2196333952875953 0 0
144 0.4983747286370958 0.7851943258176508 0 0
145 0.2196703995405693 0.5 0 0
146 0.1716952507322959 0.8298593157041539 0 0
147 0.1715429435247152 0.1715429435247153 0 0
148 0.8275584100439751 0.1714183396332642 0 0
149 0.8285816603667359 0.827558410043975 0 0
150 0.6462006000626155 0.5667495355063734 0 0
151 0.431513890620464 0.6385154496019576 0 0
152 0.4329344627319436 0.3606329620024601 0 0
153 0.8400810057736706 0.6368525117385558 0 0
154 0.3617794616298404 0.8402512461939297 0 0
155 0.1524297951890548 0.3619845207348971 0 0
156 0.6396739281044519 0.1541157891268336 0 0
157 0.1537704068921887 0.6386790388246109 0 0
158 0.6413924968093426 0.8435817163108986 0 0
159 0.359078410678402 0.1550393913692813 0 0
160 0.8465812257643171 0.3600441060428215 0 0
161 0.5795126779021397 0.3709242205464806 0 0
162 0.357831010894567 0.4794123838781592 0 0
163 0.5601875765292442 0.6670534405117667 0 0
164 0.6993091229606303 0.4112347750517439 0 0
165 0.3035461700950494 0.5878636336792356 0 0
166 0.8912841646253291 0.5359313373652709 0 0
167 0.4641740738266748 0.8905296291405929 0 0
168 0.1127938432329878 0.4672118171324555 0 0
169 0.5346186936555658 0.1109313355466072 0 0
170 0.2783324732855738 0.4107915780622168 0 0
171 0.600117217164328 0.2660020014225299 0 0
172 0.1090398772984127 0.2609690336322703 0 0
173 0.26096903363227 0.8909601227015875 0 0
174 0.7390309663677298 0.1090398772984127 0 0
175 0.8845916559651603 0.7394406073606838 0 0
176 0.7333601588098022 0.8999102617368793 0 0
177 0.1040219892651926 0.7397846478691452 0 0
178 0.8909601227015873 0.2609690336322702 0 0
179 0.2616271535996204 0.111137542349461 0 0
180 0.3991226139133032 0.7381781790121504 0 0
181 0.7432699416140727 0.6026142692590938 0 0
182 0.3959972982471024 0.2572209305111909 0 0
183 0.6013399002333988 0.4770010450246802 0 0
184 0.1001688100545372 0.9007554678958449 0 0
185 0.8998069903806556 0.1001930096193444 0 0
186 0.1020061111956294 0.1001535583610819 0 0
187 0.8995853229741936 0.9040504181629661 0 0
188 0.6212627363713328 0.7447378495455929 0 0
189 0.5609835845943438 0.9028678990285208 0 0
190 0.09478122807705813 0.5615446021162373 0 0
191 0.9033554634031857 0.4382133424465423 0 0
192 0.438455397883763 0.09478122807705819 0 0
193 0.2574387275012991 0.7972205598826807 0 0
194 0.2030400527210849 0.2623847656972881 0 0
195 0.7416603444961694 0.2018340098239306 0 0
196 0.7970461155622262 0.7428360658645286 0 0
197 0.8027655007407372 0.2752433554563682 0 0
198 0.1939485293567649 0.7185733194657439 0 0
199 0.7158563587286688 0.8038880155468196 0 0
200 0.2737654394100095 0.1983123023807957 0 0
201 0.5130537294586909 0.3119733704621664 0 0
202 0.4225032834847489 0.5486863008257872 0 0
203 0.5064012431709425 0.5906921762439348 0 0
204 0.502744804166493 0.4138680961365845 0 0
205 0.6948167135397447 0.4994537269356846 0 0
206 0.6415959168131191 0.6536280405929179 0 0
207 0.7775665042975447 0.4164795996425342 0 0
208 0.3482157005600444 0.3588023142851127 0 0
209 0.2437032897151822 0.6448175472986153 0 0
210 0.08310489616353117 0.1788935587738977 0 0
211 0.9179493516349404 0.8196379829821746 0 0
212 0.8196379829821746 0.08205064836505954 0 0
213 0.1802919992216846 0.9174595435672227 0 0
214 0.8196164435039754 0.918054498448615 0 0
215 0.1798995281053401 0.08246625868921287 0 0
216 0.9168176218138457 0.1794890277734105 0 0
217 0.08318237818615426 0.8205109722265898 0 0
218 0.3494080606686151 0.6569067141762587 0 0
219 0.4860167567949003 0.7009395521700194 0 0
220 0.6018892567636391 0.0843940275313152 0 0
221 0.9175317853323203 0.6022715139469704 0 0
222 0.3979040415411914 0.9174563643312732 0 0
223 0.07861824920438432 0.391809991834829 0 0
224 0.4307473836635483 0.4529917638094806 0 0
225 0.6584163304862348 0.9213057722735158 0 0
226 0.07881062281179774 0.6654132259686786 0 0
227 0.3345867740313214 0.07881062281179779 0 0
228 0.9191954915019887 0.3361638492203463 0 0
229 0.2001509693620069 0.4228057305779145 0 0
230 0.228491858693507 0.3394104145092647 0 0
231 0.5643801019853845 0.824733568614786 0 0
232 0.4387579736718401 0.1783576957900505 0 0
233 0.1729634036582125 0.5613886283027003 0 0
234 0.5729138065997182 0.1934487687867237 0 0
235 0.4272293521910168 0.8220279203991685 0 0
236 0.8202269466426586 0.5689168347874412 0 0
237 0.654301557464788 0.3488115784735743 0 0
238 0.6653459994768755 0.2256798791485604 0 0
239 0.568342757657924 0.5430371970333662 0 0
240 0.2923155955130014 0.5104304568709306 0 0
241 0.7613538613501893 0.3457550536298645 0 0
242 0.7776875621275514 0.6679093740015851 0 0
243 0.3335320104992337 0.7795188587967423 0 0
244 0.6816268464831873 0.06879983672944157 0 0
245 0.9312001632705584 0.6816268464831873 0 0
246 0.3210009924143467 0.9289840634648255 0 0
247 0.07335913947361017 0.3174716578301438 0 0
248 0.8402136276801169 0.4605272809949929 0 0
249 0.5518613419370303 0.7348694761474331 0 0
250 0.3791662522548568 0.4165908039127646 0 0
251 0.3585446625367702 0.5515190149885095 0 0
252 0.2402331312954003 0.5636861420204347 0 0
253 0.4610771123865124 0.2767854082622369 0 0
254 0.3455909630564917 0.2193403133954907 0 0
255 0.5886860367875012 0.6022751932968645 0 0
256 0.6312692054555144 0.4187556116203082 0 0
257 0.05840223835652725 0.5035386242440063 0 0
258 0.5070566229228468 0.9375345675920906 0 0
259 0.9390916475873464 0.4890214930552114 0 0
260 0.4929433770771531 0.06246543240790942 0 0
261 0.3862694281821488 0.600325385800769 0 0
262 0.5069620251360731 0.8436529223794045 0 0
263 0.4912353491231696 0.1631752007535765 0 0
264 0.1603532370612708 0.5034104347389499 0 0
265 0.1560932006485977 0.2940506772911076 0 0
266 0.2965818208098001 0.8464420546142402 0 0
267 0.7047967315482071 0.1559218431210134 0 0
268 0.8428002951825401 0.7065804917090365 0 0
269 0.8376116508802827 0.2343762673325849 0 0
270 0.7626394903345053 0.8438113680057482 0 0
271 0.2344588745251861 0.1633781882882997 0 0
272 0.1572254667387598 0.7635944140812447 0 0
273 0.7003722529035416 0.5597623356017019 0 0
274 0.6645894702501189 0.7958501357242293 0 0
275 0.7384847293699052 0.4577573264838646 0 0
276 0.604025341804751 0.9443792985565676 0 0
277 0.9468026013783681 0.3953178287063295 0 0
278 0.3927873077254244 0.0609036614724871 0 0
279 0.06090366147248705 0.6072126922745759 0 0
280 0.6993837740034433 0.6448820829955131 0 0
281 0.3876077176121105 0.3179195659133813 0 0
282 0.5429983720924466 0.4568172960028218 0 0
283 0.2651411680443038 0.4619319109717361 0 0
284 0.05633440782420629 0.9394093091352157 0 0
285 0.9394093091352158 0.9436655921757938 0 0
286 0.9436655921757937 0.06059069086478419 0 0
287 0.06059069086478419 0.05633440782420629 0 0
288 0.5441445962808996 0.2605592873309708 0 0
289 0.5732431248499332 0.3173666898253432 0 0
290 0.9415168170959151 0.5508496815951472 0 0
291 0.4492783718169826 0.9445177706409332 0 0
292 0.05502615457668653 0.4430593522267387 0 0
293 0.5508135522648797 0.05603405439031228 0 0
294 0.2272938960436594 0.8436346380391215 0 0
295 0.1563015667986356 0.2274460547409636 0 0
296 0.7725539452590364 0.1563015667986357 0 0
297 0.8436984332013644 0.7725539452590364 0 0
298 0.9410474217083292 0.7640549590216115 0 0
299 0.05788214092807642 0.233852497797634 0 0
300 0.7659326050470336 0.05627854281142564 0 0
301 0.234067394952966 0.9437214571885745 0 0
302 0.05268692266425951 0.7646350547493175 0 0
303 0.2385539420665906 0.05651247151947714 0 0
304 0.7646350547493176 0.9473130773357404 0 0
305 0.9434875284805229 0.2385539420665905 0 0
306 0.3539892392704667 0.7078611985869376 0 0
307 0.1444416816485762 0.4213838257725249 0 0
308 0.1481686716854691 0.6968793138298788 0 0
309 0.3018064540202698 0.1533281358453152 0 0
310 0.8492435775877532 0.3046331501898203 0 0
311 0.6999915109410955 0.8491255149525854 0 0
312 0.2966303298079696 0.6583857505654274 0 0
313 0.4883292329025538 0.6450911929243051 0 0
314 0.3249311482671112 0.4345806894395111 0 0
315 0.6497043833549026 0.2974258808789707 0 0
316 0.4298415512391022 0.7007119053032298 0 0
317 0.582509297831165 0.1326079125025061 0 0
318 0.4522143618941557 0.7419017836609273 0 0
319 0.2877524722817818 0.3474415623242571 0 0
320 0.8619755339430568 0.05856152555668825 0 0
321 0.0556395614409595 0.1358201849766418 0 0
322 0.1340441256370262 0.9428897195700865 0 0
323 0.9414384744433118 0.8619755339430568 0 0
324 0.0558693780525682 0.8596548849747651 0 0
325 0.13772830115915 0.05737844736579545 0 0
326 0.9441306219474319 0.140345115025235 0 0
327 0.8616210149459957 0.9428877187570606 0 0
328 0.8390772326820423 0.5173527909289973 0 0
329 0.6465623028609568 0.5131627081838509 0 0
330 0.3489189338336934 0.2807595259939552 0 0
331 0.6092949013190928 0.6941737193806563 0 0
332 0.7091030485706117 0.3606115392557367 0 0
333 0.4146483645333128 0.8704059253295579 0 0
334 0.8692106601322474 0.5870348597497651 0 0
335 0.7517456787782376 0.5494526875416248 0 0
336 0.744322696744169 0.7499335483305647 0 0
337 0.2495232412955096 0.7444839443891156 0 0
338 0.2561374571929381 0.2493278444200979 0 0
339 0.7503134580806126 0.2551403911400308 0 0
340 0.5307655728724988 0.3641757489537767 0 0
341 0.792607070345548 0.6136998616515207 0 0
342 0.3804528311498401 0.795765536161386 0 0
343 0.4766353693329057 0.5461348551077631 0 0
344 0.7182375677700799 0.9455852192515952 0 0
345 0.946431402667644 0.2891838830010002 0 0
346 0.2863951979720921 0.05699500544812391 0 0
347 0.05940707900952646 0.7205031019330761 0 0
348 0.1475953039918944 0.8800538586217087 0 0
349 0.8524103303958805 0.1177044132062247 0 0
350 0.1457369925618305 0.1232101813964576 0 0
351 0.8822955867937752 0.8524103303958804 0 0
352 0.6571261004403413 0.7141842887323797 0 0
353 0.8639091011557157 0.4139965106425929 0 0
354 0.2083961169348024 0.7913547423877683 0 0
355 0.2076954001570704 0.2082324892569716 0 0
356 0.7917675107430285 0.2076954001570704 0 0
357 0.7913547423877683 0.7916038830651977 0 0
358 0.6097610979642555 0.8021645644358563 0 0
359 0.3938330230093654 0.2054721069293347 0 0
360 0.4085386239009252 0.4986972586886452 0 0
361 0.6530750001620678 0.4650498541328406 0 0
362 0.1117933833607518 0.6095793928934564 0 0
363 0.612316693131403 0.8877371554886129 0 0
364 0.3904206071065439 0.1117933833607519 0 0
365 0.197267950716445 0.6111781119409253 0 0
366 0.1964440546094645 0.6669822050151302 0 0
367 0.4494836447672851 0.5918089409396108 0 0
368 0.8812526602977326 0.4876554991835282 0 0
369 0.6776890348001002 0.6021974361524406 0 0
370 0.5836429693599627 0.4272074088912314 0 0
371 0.4441192481563722 0.2281024162872509 0 0
372 0.4526260263391431 0.4065685317545658 0 0
373 0.2426101112616749 0.6905808239237914 0 0
374 0.617309889891146 0.2006986773261819 0 0
375 0.8964594544811404 0.3780608287503281 0 0
376 0.4645326721477628 0.32165940162515 0 0
377 0.8080456689412516 0.3267042826446261 0 0
378 0.04687747000119819 0.5537241249552882 0 0
379 0.5574348265533599 0.9494607268160757 0 0
380 0.4392032078142588 0.045161704868734 0 0
381 0.9553166538762788 0.4446261825817511 0 0
382 0.128656732936238 0.8101865928433496 0 0
383 0.8718065683752923 0.192205140198598 0 0
384 0.1918386743384866 0.1304088016434441 0 0
385 0.8077948598014023 0.8718065683752923 0 0
386 0.6940592479772441 0.7537692332013661 0 0
387 0.113256487587853 0.5126755854634594 0 0
388 0.5111621811881818 0.8863639543865584 0 0
389 0.488837818811818 0.1136360456134418 0 0
390 0.1687327186710143 0.4584272639281893 0 0
391 0.4803359200674247 0.3655776790080731 0 0
392 0.32834771930096 0.8816059641427628 0 0
393 0.1191107357554502 0.3226802777974882 0 0
394 0.6735624818263668 0.1181954011481813 0 0
395 0.8818045988518186 0.6735624818263668 0 0
396 0.2802291416877132 0.9541460917791762 0 0
397 0.0458539082208238 0.2802291416877135 0 0
398 0.7229376002100736 0.04805552331854723 0 0
399 0.9519444766814528 0.7229376002100736 0 0
400 0.4825420443497606 0.45562775815253 0 0
401 0.308304477610674 0.2479761364604378 0 0
402 0.5651657556895652 0.7743148030041356 0 0
403 0.2426573134417548 0.29328652157049 0 0
404 0.2351676651452087 0.3885630578784349 0 0
405 0.541433640599203 0.6239002691020362 0 0
406 0.5425185658330898 0.1583042039666598 0 0
407 0.74021945264891 0.3943450336982223 0 0
408 0.5223703674392822 0.5424965044843862 0 0
409 0.1289104549554865 0.1869659791578364 0 0
410 0.04556842118275639 0.3593627466023031 0 0
411 0.6399893688393994 0.04490776035055072 0 0
412 0.9550922396494492 0.6399893688393994 0 0
413 0.3600106311606005 0.9550922396494492 0 0
414 0.4554591553760581 0.5008259189047024 0 0
415 0.7990713389425258 0.3767992732126932 0 0
416 0.5494569238729022 0.5025973777180055 0 0
417 0.6147836824998378 0.3229190621943382 0 0
418 0.3956588277757676 0.66621307772076 0 0
419 0.8070752156261147 0.1269377693918613 0 0
420 0.8730622306081387 0.8070752156261147 0 0
421 0.1929247843738854 0.8730622306081389 0 0
422 0.7528830760132574 0.7054348051718211 0 0
423 0.3006049643602138 0.7503278346472126 0 0
424 0.2609166079083471 0.6030456988688833 0 0
425 0.7052552954958111 0.2480064784906307 0 0
426 0.3910568205675365 0.3676227744302614 0 0
427 0.8551560767507783 0.8911866375691799 0 0
428 0.1084027846510374 0.8554912494029494 0 0
429 0.8915972153489626 0.1445087505970504 0 0
430 0.1047169775386539 0.1416890447541582 0 0
431 0.3408201089170877 0.6080272328207372 0 0
432 0.3210820593868655 0.390848373058493 0 0
433 0.1868570182611645 0.3301273055217427 0 0
434 0.7360613886915668 0.5075167779926577 0 0
435 0.7920678300981119 0.4577113790898811 0 0
436 0.7604005612662553 0.301449510869617 0 0
437 0.6312861924232438 0.6086153622718982 0 0
438 0.5989618326571788 0.6492236804058176 0 0
439 0.04025739125215233 0.188903912023207 0 0
440 0.1911764705882351 0.9591873673123259 0 0
441 0.8088235294117649 0.04081263268767399 0 0
442 0.959187367312326 0.8088235294117649 0 0
443 0.1911764705882357 0.0408126326876741 0 0
444 0.04035015916300244 0.8109287995785333 0 0
445 0.8088235294117643 0.9591873673123259 0 0
446 0.9596498408369976 0.1890712004214668 0 0
447 0.3170716637267438 0.4761735453304551 0 0
448 0.3226821125357987 0.3203685004131476 0 0
449 0.1921914552452262 0.3798453901761864 0 0
450 0.5064812430080773 0.736438937841237 0 0
451 0.5307696176622369 0.6981523726701993 0 0
452 0.5437178851331904 0.4069796984667545 0 0
453 0.6968024206309996 0.1990235709165485 0 0
454 0.4591048080476372 0.8474217867729745 0 0
455 0.4223613837312118 0.7774902698755644 0 0
456 0.1045763154772161 0.697556244858128 0 0
457 0.6622410462135853 0.8819005404817404 0 0
458 0.8819083969184151 0.3370387679694324 0 0
459 0.3024091467394786 0.1024577102869871 0 0
460 0.09989211769168299 0.2201263104080785 0 0
461 0.5486592515974352 0.8627499577695456 0 0
462 0.1367736167356854 0.5516567268130278 0 0
463 0.4513407484025644 0.1372500422304544 0 0
464 0.3555567384620953 0.0396278706134493 0 0
465 0.03962787061344919 0.644443261537905 0 0
466 0.6444432615379048 0.9603721293865507 0 0
467 0.9634234172605606 0.3575424831714307 0 0
468 0.6235490023169215 0.3766115787069755 0 0
469 0.3932157005475518 0.4558641184673503 0 0
470 0.5992302181677249 0.8463420062418678 0 0
471 0.1511717524887264 0.5939994274528635 0 0
472 0.4037273461686044 0.1537095431314074 0 0
473 0.9584959121449673 0.5920009849704631 0 0
474 0.4080702062771278 0.9584671508477631 0 0
475 0.04135283344043389 0.4070883628734421 0 0
476 0.5929116371265577 0.041352833440434 0 0
477 0.501185069763763 0.2744585248731933 0 0
478 0.549319353952849 0.5808848189355982 0 0
479 0.222866477927701 0.4588696204297211 0 0
480 0.7446413243655305 0.6427622675397973 0 0
481 0.6094094842695964 0.5393886691101445 0 0
482 0.7793830598132185 0.09622362011052099 0 0
483 0.8990621766362555 0.7776642697965961 0 0
484 0.2206169401867814 0.9037763798894792 0 0
485 0.6786368156790024 0.6768526992075018 0 0
486 0.09650732434645393 0.7793180486883692 0 0
487 0.7793180486883691 0.9034926756535462 0 0
488 0.2221700893101266 0.1004041016441707 0 0
489 0.8995810116056676 0.2221648327206437 0 0
490 0.6653016309198301 0.3861135563951201 0 0
491 0.4260390494040044 0.2926919535607717 0 0
492 0.5734655204204165 0.2346184031370105 0 0
493 0.09957319301062961 0.4243360881383751 0 0
494 0.1236485159560794 0.3827388967474507 0 0
495 0.2069070552826745 0.537004256745594 0 0
496 0.314980579360271 0.547792396708477 0 0
497 0.6287078099176415 0.1167379593350065 0 0
498 0.8841735152402712 0.6293092762512319 0 0
499 0.3706907237487681 0.8841735152402714 0 0
500 0.2521152438893928 0.5230184831355225 0 0
501 0.04121301179798653 0.09502073107147002 0 0
502 0.9587869882020137 0.9049792689285301 0 0
503 0.9049792689285301 0.04121301179798637 0 0
504 0.9049413527256345 0.9597837996704914 0 0
505 0.04021620032950873 0.904941352725634 0 0
506 0.09505864727436558 0.04021620032950873 0 0
507 0.9597837996704912 0.09505864727436558 0 0
508 0.09502073107147002 0.9587869882020137 0 0
509 0.3199772904303256 0.1787721634626257 0 0
510 0.6970667045021738 0.4513848882491812 0 0
511 0.3225056368617241 0.6749215371501166 0 0
512 0.8001524951756609 0.6995651096824704 0 0
513 0.3374647577356024 0.8204289924144905 0 0
514 0.5789198089274527 0.09950681809884443 0 0
515 0.9005679063498159 0.300818786516137 0 0
516 0.7035333931974769 0.8993227617691131 0 0
517 0.1167548280130517 0.6554453310873765 0 0
518 0.3450350174407988 0.1164963546669139 0 0
519 0.7816939018834974 0.5845323698101205 0 0
520 0.4619620293442815 0.7945142890537118 0 0
521 0.4644937793265164 0.6715024183719964 0 0
522 0.9058675223676104 0.5738825612702043 0 0
523 0.4276931466833119 0.9023308099692077 0 0
524 0.5268085174567597 0.2003515921535781 0 0
525 0.4712666370169837 0.1881468472030354 0 0
526 0.5323728592468737 0.8110823416627986 0 0
527 0.3347837751378436 0.5132282878569664 0 0
528 0.8196027644103651 0.4254418498798068 0 0
529 0.6380725126902849 0.2545541673853127 0 0
530 0.3592363002812621 0.7488900135886509 0 0
531 0.2440912811546648 0.4282127935325586 0 0
532 0.7909728853184723 0.5344082292484464 0 0
533 0.6867006468796347 0.3255148755800025 0 0
534 0.386762786867473 0.7078527328550238 0 0
535 0.6599631451554395 0.1876156412877426 0 0
536 0.6670439197765468 0.5313455810201612 0 0
537 0.2709969047933926 0.3251342538186709 0 0
538 0.8364041628568533 0.5984267441408473 0 0
539 0.397136551326942 0.8338732972659043 0 0
540 0.8482187595149268 0.5494533660453275 0 0
541 0.726016971675945 0.324306644385007 0 0
542 0.03637678240781034 0.4784908142792758 0 0
543 0.5234353921452145 0.03633838160859304 0 0
544 0.9635341127420019 0.5234372730974358 0 0
545 0.4765693935733332 0.9636903473080691 0 0
546 0.09009556003205393 0.3543999539360083 0 0
547 0.8203133420828775 0.6583576567123717 0 0
548 0.2980050939826057 0.8006770761093784 0 0
549 0.4173273049449375 0.4033380465452553 0 0
550 0.6500483758980823 0.7528182423627843 0 0
551 0.5859031908481527 0.5105122645642669 0 0
552 0.7614172072527414 0.7784821237606521 0 0
553 0.2411211275126937 0.2168740708222343 0 0
554 0.7835329800760015 0.2404436779079409 0 0
555 0.2214275586788674 0.7614698136307896 0 0
556 0.573735798257438 0.7230542790325008 0 0
557 0.2802559049413065 0.5511841110299524 0 0
558 0.72933126426378 0.8484259945089964 0 0
559 0.8354366100591044 0.2695661008965151 0 0
560 0.26896196318025 0.1649906232890971 0 0
561 0.1477354719924561 0.7328698734477097 0 0
562 0.6873841883334579 0.816109790091295 0 0
563 0.2616733146782723 0.8547260998115243 0 0
564 0.1662559752590784 0.2613052681940703 0 0
565 0.8324880140648775 0.7407548504368284 0 0
566 0.7392039482297402 0.1660687069147918 0 0
567 0.3811517096258805 0.5125203919530583 0 0
568 0.3071031599975275 0.8986008710456112 0 0
569 0.69792065207367 0.09845013395346586 0 0
570 0.09905763819630553 0.3031624899544302 0 0
571 0.9015498660465342 0.69792065207367 0 0
572 0.3899547028555418 0.5617492343957805 0 0
573 0.7283572429571784 0.6772345576774725 0 0
574 0.6077119875680943 0.165088691712094 0 0
575 0.2006275158620401 0.2985611331531595 0 0
576 0.5176148208805633 0.6600425053412201 0 0
577 0.538794882094965 0.7700669734599192 0 0
578 0.3603553470217406 0.2498386813708081 0 0
579 0.9647533501818812 0.6850744721699241 0 0
580 0.3104017473006476 0.9646862967658136 0 0
581 0.03531370323418642 0.3104017473006479 0 0
582 0.6850744721699241 0.03524664981811881 0 0
583 0.60181158349995 0.5788823070751766 0 0
584 0.6732943216516523 0.2660912100568453 0 0
585 0.2590557406004289 0.3631307704591429 0 0
586 0.4281383085007106 0.3226600020169069 0 0
587 0.1481782885946466 0.9088993196641528 0 0
588 0.9075603179125027 0.8722877634915246 0 0
589 0.8715805255278062 0.09240273751975359 0 0
590 0.1494212098244434 0.08767725757321748 0 0
591 0.6861579768802821 0.9617241594568471 0 0
592 0.3185999041521042 0.03557187141245666 0 0
593 0.9607433079255268 0.3128223767509399 0 0
594 0.03557187141245655 0.6814000958478962 0 0
595 0.2150045141065924 0.5816793178857607 0 0
596 0.3520443699130762 0.9241228750603369 0 0
597 0.9243490076935749 0.6482237769132025 0 0
598 0.6482237769132025 0.07565099230642514 0 0
599 0.8173016072131681 0.4824856058840528 0 0
600 0.3224283906663244 0.734407316386684 0 0
601 0.07974007681594636 0.4760870452911222 0 0
602 0.4756702178532391 0.9213887135419785 0 0
603 0.5243553490288611 0.07878119996231731 0 0
604 0.9183202318295979 0.5263424084060454 0 0
605 0.4777335811729095 0.6111505232269712 0 0
606 0.2901683010296902 0.4372942728176479 0 0
607 0.7096231316115408 0.5999676729428687 0 0
608 0.3558202439676192 0.4442684523405411 0 0
609 0.6588406480403504 0.4237808303974291 0 0
610 0.8692928164910353 0.4426118065697795 0 0
611 0.8357473000725408 0.8610793370667442 0 0
612 0.8611212327585588 0.1642184986364215 0 0
613 0.1385905933974019 0.8365558846613601 0 0
614 0.2739912550798611 0.6793020368481468 0 0
615 0.5429905961825547 0.2929709436034689 0 0
616 0.3660053915652024 0.187969845456187 0 0
617 0.3548000813591676 0.3928303904911469 0 0
618 0.6268166977265101 0.4541095806064709 0 0
619 0.4736476409771059 0.238626151649227 0 0
620 0.03846815910658108 0.960822460386656 0 0
621 0.9615318408934189 0.03917753961334397 0 0
622 0.960822460386656 0.9615318408934189 0 0
623 0.03917753961334397 0.03846815910658114 0 0
624 0.5874148251881797 0.9592308017127864 0 0
625 0.4114936221281194 0.04075343023952449 0 0
626 0.04103939109493493 0.5873276000001387 0 0
627 0.9613949684781051 0.4126643800613923 0 0
628 0.7399683039204267 0.965383952354358 0 0
629 0.966015541597824 0.2587407806138218 0 0
630 0.03570073305321531 0.739829526761292 0 0
631 0.2587407806138218 0.03398445840217595 0 0
632 0.4817916664004504 0.8047778597731685 0 0
633 0.6019439860203528 0.2322555001550072 0 0
634 0.1878649812053446 0.4853471284914345 0 0
635 0.3994299934153813 0.6293047491317749 0 0
636 0.5600602493021996 0.693504157201004 0 0
637 0.1429088443723369 0.1598660093839328 0 0
638 0.5444026495647018 0.3278709160633282 0 0
639 0.4198803665745913 0.5795085057669298 0 0
640 0.477280741816687 0.03297070511364281 0 0
641 0.9651051643857009 0.4742052692204211 0 0
642 0.03416887996192464 0.5246192495273686 0 0
643 0.5227192581833131 0.9670292948863573 0 0
644 0.6317310723508225 0.9156617453162712 0 0
645 0.3684140773961073 0.08360880726170561 0 0
646 0.08360880726170561 0.6315859226038929 0 0
647 0.3358498568627726 0.5746953111896376 0 0
648 0.903801207141695 0.4064272043483808 0 0
649 0.9264093854984288 0.7367262971072086 0 0
650 0.7369194455473055 0.07515512191072665 0 0
651 0.07515512191072665 0.2630805544526942 0 0
652 0.2630805544526941 0.9248448780892737 0 0
653 0.3616989787986424 0.3217666532470211 0 0
654 0.8349540559874006 0.9669698098471701 0 0
655 0.1649646085257426 0.03306346091818679 0 0
656 0.02815512229666095 0.8366354735662764 0 0
657 0.9718448777033391 0.1633645264337237 0 0
658 0.1645040865854769 0.9669700599487984 0 0
659 0.02810903879345245 0.1626942095127444 0 0
660 0.9667886543079516 0.8349983708620334 0 0
661 0.8349983708620334 0.03321134569204842 0 0
662 0.2335373839442714 0.1287645147479385 0 0
663 0.8755337449318741 0.2349572096550115 0 0
664 0.1328528081354302 0.7693152712285467 0 0
665 0.7677873932337637 0.8688061274557828 0 0
666 0.7679266204181043 0.3766226229176323 0 0
667 0.3133433234077343 0.6173740521338302 0 0
668 0.9107849646324989 0.4717003878737906 0 0
669 0.07709596110641176 0.7373319487967697 0 0
670 0.2623246716623811 0.07555578316403011 0 0
671 0.7376753283376191 0.92444421683597 0 0
672 0.9244442168359699 0.2623246716623811 0 0
673 0.7486109418144662 0.4248959338053053 0 0
674 0.828604430749466 0.3804190940351493 0 0
675 0.6386246095474155 0.6849288798752363 0 0
676 0.7107157965526842 0.52640658622297 0 0
677 0.5029654409892652 0.3433484426891114 0 0
678 0.2517788914228474 0.9701899633397676 0 0
679 0.03006392892670834 0.2513857159140344 0 0
680 0.7475562527509925 0.02940309283834652 0 0
681 0.9699360710732918 0.7486142840859656 0 0
682 0.3819150707348996 0.2850061576545188 0 0
683 0.6692450050997378 0.6360150180120192 0 0
684 0.594571575500381 0.3439188252278909 0 0
685 0.425531353663148 0.2520403979752639 0 0
686 0.5710042953675623 0.8784847901646287 0 0
687 0.421655850076961 0.1248848905782523 0 0
688 0.1248848905782523 0.5783441499230393 0 0
689 0.4565508058187504 0.7151803037783951 0 0
690 0.4272262360184468 0.728562667789054 0 0
691 0.3715753314657542 0.6805362217612856 0 0
692 0.5307113991569602 0.2302764641560212 0 0
693 0.2653284619317032 0.4978569878622925 0 0
694 0.228544314622225 0.6028232377721854 0 0
695 0.6391400905284947 0.8127030198615289 0 0
696 0.1436312297901559 0.4768327123832495 0 0
697 0.07750857344435735 0.5353711598448455 0 0
698 0.5362080436051236 0.92368951346203 0 0
699 0.4637919563948762 0.07631048653797046 0 0
700 0.6039501552001287 0.3987573344626185 0 0
701 0.5043576395271765 0.4679059285095329 0 0
702 0.5838768092148358 0.9331706838490095 0 0
703 0.06958245098444649 0.5776238108000933 0 0
704 0.4203030363950042 0.0713585154182721 0 0
705 0.5697602557935761 0.2765651159675555 0 0
706 0.1763046947328738 0.5322603692521182 0 0
707 0.7257773376239824 0.5738346738800856 0 0
708 0.1770236467872099 0.796837223810695 0 0
709 0.2014899620935879 0.1777639527429495 0 0
710 0.8235120238094378 0.2029437126976358 0 0
711 0.7956801095139301 0.8242340700066735 0 0
712 0.9712792148565063 0.2179907366710087 0 0
713 0.02851856682225351 0.7807451999065583 0 0
714 0.2181441820184408 0.02875449312634154 0 0
715 0.7806669114639908 0.9714642352273137 0 0
716 0.5961806924707778 0.2987748056501702 0 0
717 0.636577864336326 0.7783397856190298 0 0
718 0.5603897974411796 0.4769928142611505 0 0
719 0.8198138132754397 0.7982852573916737 0 0
720 0.8124851398901278 0.7685307388298224 0 0
721 0.1798371147173315 0.2014452928015943 0 0
722 0.7686070071127142 0.1863050364883878 0 0
723 0.7985010985904341 0.1795836281799749 0 0
724 0.1875943525123052 0.2332464585992525 0 0
725 0.201774612420468 0.8202089756874297 0 0
726 0.2312052912972733 0.8124378040254098 0 0
727 0.6716803531265783 0.574588452003131 0 0
728 0.9158144566005297 0.9271941927949456 0 0
729 0.924690157477796 0.08842743623494942 0 0
730 0.07530638544151724 0.9117080605529346 0 0
731 0.08827868650392534 0.07464268900331511 0 0
732 0.4580164885169535 0.4755821882415811 0 0
733 0.1676238469607342 0.6666412301853928 0 0
734 0.1804593735519451 0.694460088238032 0 0
735 0.4051910959411137 0.3490028977221316 0 0
736 0.9701393392888379 0.7823937310373658 0 0
737 0.03031887268904382 0.2160343066795264 0 0
738 0.7834591951697116 0.0300747022934022 0 0
739 0.2164458254265511 0.9698671628748998 0 0
740 0.5116586182698255 0.6182419366521039 0 0
741 0.4922615581909599 0.8690923001848101 0 0
742 0.5077776057059068 0.1329226154636682 0 0
743 0.1365989759673416 0.2751883428846419 0 0
744 0.7248332658841183 0.1364897544634192 0 0
745 0.2786008028835045 0.8197982594535267 0 0
746 0.8623481314372492 0.7254380768328406 0 0
747 0.2357098972783467 0.8724148494751133 0 0
748 0.8768553161197622 0.7667463194882681 0 0
749 0.765553013725958 0.1257475041032774 0 0
750 0.2665751007542101 0.6267146738466947 0 0
751 0.7674936468780212 0.4755410502937822 0 0
752 0.692598826233839 0.7845747859457686 0 0
753 0.1836219672694481 0.6395000198468415 0 0
754 0.4975190356764198 0.1924785434389201 0 0
755 0.3085053836107156 0.214056396055171 0 0
756 0.4778413485892774 0.5778107097242854 0 0
757 0.92085685810609 0.3592478176746627 0 0
758 0.1749923466600536 0.4062235557469481 0 0
759 0.1052494782909653 0.9308402618770824 0 0
760 0.8946523667533896 0.06924234396132367 0 0
761 0.06950274538948864 0.1058245677733178 0 0
762 0.9307402789031161 0.8946264593070994 0 0
763 0.4850995963249981 0.2983136999014804 0 0
764 0.8500678856216213 0.6729014867764431 0 0
765 0.6704124498975465 0.1494586252897928 0 0
766 0.151298928850527 0.3291977274268421 0 0
767 0.3284780951038537 0.8497724504437567 0 0
768 0.7405918924035138 0.8232744602575801 0 0
769 0.1756176818484096 0.7407987312753527 0 0
770 0.8511669172233384 0.4880281172232185 0 0
771 0.865316475626488 0.5093192554428146 0 0
772 0.5715236520117135 0.6370673780192432 0 0
773 0.2459391039065 0.7725165608284982 0 0
774 0.2289050295800891 0.2442267073652663 0 0
775 0.7548419985307047 0.227600482063463 0 0
776 0.7724389011598083 0.7539891491797843 0 0
777 0.6295645242951071 0.4801689151030102 0 0
778 0.6288511983184184 0.7141990808177057 0 0
779 0.3179776879556773 0.2749272471591112 0 0
780 0.1257945696124675 0.2355734774926605 0 0
781 0.3667968422634103 0.6252068499603908 0 0
782 0.7183581246291543 0.4848232984403517 0 0
783 0.1417767158138967 0.4499628846004293 0 0
784 0.5279664968857707 0.4299599147806862 0 0
785 0.6639867707237395 0.4916977305937379 0 0
786 0.7384931827636267 0.3668359986591736 0 0
787 0.6175709671145855 0.967195153604405 0 0
788 0.3822304341279118 0.03156161908566535 0 0
789 0.0319849231631687 0.6177627894253241 0 0
790 0.9694594221296196 0.3823669157868941 0 0
791 0.2647185880351477 0.2796683197422788 0 0
792 0.2854981661153803 0.8771885872498204 0 0
793 0.7159196510987681 0.4356892129218553 0 0
794 0.8338404293220367 0.3310883626184674 0 0
795 0.8215115406202203 0.3003476025434023 0 0
796 0.2613837620707443 0.7135096980816724 0 0
797 0.4034088556160351 0.4260701229830358 0 0
798 0.02408534986208394 0.9301507821698117 0 0
799 0.9705164194101479 0.9291451678918294 0 0
800 0.07085483210817056 0.9705164194101479 0 0
801 0.02948358058985212 0.07085483210817051 0 0
802 0.9291451678918294 0.02948358058985218 0 0
803 0.9759146501379161 0.06984921783018816 0 0
804 0.06984921783018816 0.02408534986208394 0 0
805 0.9301507821698117 0.9759146501379161 0 0
806 0.7209022233645954 0.6240868853260368 0 0
807 0.4758915494948478 0.4281769952117401 0 0
808 0.6883527576240935 0.7260057601312512 0 0
809 0.08004611401552536 0.1525976378281256 0 0
810 0.9215284182791843 0.1518477744216396 0 0
811 0.07847158172081575 0.8481522255783605 0 0
812 0.8736228320343105 0.9150201091376022 0 0
813 0.7651719875552896 0.6234415673030536 0 0
814 0.6041461289244798 0.1111895638392718 0 0
815 0.5720450882897625 0.0272352088779112 0 0
816 0.02845902241912723 0.4308419594153619 0 0
817 0.9712991037349608 0.56752033929764 0 0
818 0.4315245431340605 0.9718575721157525 0 0
819 0.4118452500418074 0.2301756090960737 0 0
820 0.7238513099619544 0.7724690812945292 0 0
821 0.3609380419178029 0.8157382858809603 0 0
822 0.9309970276093343 0.41846301491417 0 0
823 0.6732065592875063 0.8433318478077538 0 0
824 0.2809013498663384 0.136049694959013 0 0
825 0.865506915888641 0.2800655988098157 0 0
826 0.2799118867126919 0.2306049807521281 0 0
827 0.555918193683781 0.3566906359707448 0 0
828 0.2257220139831611 0.7234950441240919 0 0
829 0.4490421462467135 0.5617750363543106 0 0
830 0.482686589871216 0.7558020079605333 0 0
831 0.5972636417600891 0.7710949964174894 0 0
832 0.4336405003352066 0.8474582875767851 0 0
833 0.9129992480966145 0.5005918731143929 0 0
834 0.3308579114673129 0.1594671720954093 0 0
835 0.7380258084662384 0.2827300477058931 0 0
836 0.07457040569255252 0.4206819930933559 0 0
837 0.2041203087990471 0.3529171655382239 0 0
838 0.6794786399026878 0.3644406702027568 0 0
839 0.4588572059082464 0.6324533137413053 0 0
840 0.5540181236244409 0.1350377436060091 0 0
841 0.5720898827820824 0.1645819614978456 0 0
842 0.2105891897394296 0.6935494418076602 0 0
843 0.4944240476718199 0.6715021169875279 0 0
844 0.2896873682722193 0.3822475708635237 0 0
845 0.3191867901529883 0.3618586760620868 0 0
846 0.8138624874672404 0.2488439441704436 0 0
847 0.2489708388269422 0.1865118356222858 0 0
848 0.4220851869468437 0.6102099536074553 0 0
849 0.5068979094608316 0.3827754630169399 0 0
850 0.4238364276297627 0.2029499874547527 0 0
851 0.1619934435381579 0.9387619240532632 0 0
852 0.8380065564618422 0.06123807594673703 0 0
853 0.938761924053263 0.8380065564618422 0 0
854 0.1619934435381576 0.06123807594673719 0 0
855 0.8380065564618423 0.9387619240532628 0 0
856 0.3065382793554919 0.08122606622433087 0 0
857 0.0819811793496027 0.694605669228304 0 0
858 0.4019357719286879 0.5304943292554087 0 0
859 0.7165787336943764 0.734911502524269 0 0
860 0.6161931632574839 0.1373421626218641 0 0
861 0.9354128222413383 0.7956827722231343 0 0
862 0.06955524700329824 0.2052351398074471 0 0
863 0.7920618635510571 0.06885020008229814 0 0
864 0.207917511798958 0.931081307055275 0 0
865 0.2047000405807718 0.06415454349389055 0 0
866 0.936394939983713 0.2022137529016151 0 0
867 0.06780581797165619 0.7938355087577838 0 0
868 0.7916153374249105 0.9317623061127729 0 0
869 0.3669375407576714 0.5782643956790692 0 0
870 0.7672512678551999 0.7270777646718915 0 0
871 0.2737566033638109 0.766063730278402 0 0
872 0.7266965470238971 0.2329476990776194 0 0
873 0.4617037059737263 0.1600856981371846 0 0
874 0.5360553484617642 0.8391948072120983 0 0
875 0.8650073403125146 0.3824775664421626 0 0
876 0.5805896881804742 0.0714629087317159 0 0
877 0.9162938797365929 0.1224476408013418 0 0
878 0.08370410447291898 0.8776313660720601 0 0
879 0.6374256527898593 0.8749007338157845 0 0
880 0.109957250693372 0.8271126268736151 0 0
881 0.8269450216044392 0.8905971865447021 0 0
882 0.8900503471594105 0.1730247341365427 0 0
883 0.6403870154285646 0.323455095852827 0 0
884 0.8624330594041347 0.6157086843397874 0 0
885 0.3858588765138525 0.8622686907471227 0 0
886 0.4287051833777248 0.6693955173038588 0 0
887 0.7169238402334137 0.8739337391582565 0 0
888 0.3189296397228666 0.6446861413443494 0 0
889 0.1700671655299755 0.1425492389475892 0 0
890 0.1727459832384 0.1113765021208589 0 0
891 0.680151464061853 0.2943775975979281 0 0
892 0.7779483130108184 0.3246234851189794 0 0
893 0.7158744360162737 0.3888696538817816 0 0
894 0.6251321030464349 0.2796844459574055 0 0
895 0.1500095222868707 0.390994848599847 0 0
896 0.3914818834395417 0.1769004223036523 0 0
897 0.2255661184366315 0.6663202679253626 0 0
898 0.4178435346252096 0.9318599045764717 0 0
899 0.3612758740683749 0.7720696013612978 0 0
900 0.02396688187033691 0.130399038969662 0 0
901 0.8688490109127507 0.02530426037272437 0 0
902 0.9746957396272756 0.8688490109127507 0 0
903 0.130404675258515 0.974967848088546 0 0
904 0.02889682775402813 0.8748748105307354 0 0
905 0.1250882415463599 0.02952598095038517 0 0
906 0.8749154837296433 0.9702291763821805 0 0
907 0.971103172245972 0.1251251894692646 0 0
908 0.3730023544117289 0.3465820917103608 0 0
909 0.5741893398878069 0.5727419878330773 0 0
910 0.2384953489449754 0.4785773990622527 0 0
911 0.4793718666356541 0.3961309119502566 0 0
912 0.6354168487229915 0.2295238221117106 0 0
913 0.8169209007832543 0.5417370405636984 0 0
914 0.8176732620711618 0.6347564600863341 0 0
915 0.1637414181045663 0.8596500523097912 0 0
916 0.8361115992268635 0.1403228491849422 0 0
917 0.8596722649163382 0.8361056141280328 0 0
918 0.3522523176974954 0.4220575931908062 0 0
919 0.3709294118811822 0.2198015897771327 0 0
920 0.2966077214475235 0.3178523928226296 0 0
921 0.1896610185392974 0.7660301707147488 0 0
922 0.7656349234991835 0.8105217108080194 0 0
923 0.9320324723596973 0.5825836128603354 0 0
924 0.4996187248520018 0.5290207980941055 0 0
925 0.8728177442950101 0.698765969040692 0 0
926 0.698384972896704 0.1285215915967545 0 0
927 0.1296646128605185 0.3010682749916278 0 0
928 0.4289699853369904 0.5172885807384475 0 0
929 0.1183448441994454 0.351084849716353 0 0
930 0.5013953236845151 0.5597365480916239 0 0
931 0.5860503886937517 0.6732676256620556 0 0
932 0.7146310429341032 0.8281647550714553 0 0
933 0.580182703290428 0.7996020649015858 0 0
934 0.0853230048155359 0.4483315244983659 0 0
935 0.1192648150930674 0.0792404675459425 0 0
936 0.6450185286894292 0.5417593784513264 0 0
937 0.3950969192428658 0.8906422762391955 0 0
938 0.892249964816598 0.6034193078842727 0 0
939 0.4565692275655874 0.3782394202258905 0 0
940 0.9717571875673894 0.6179288958773272 0 0
941 0.3820711041226728 0.9717571875673894 0 0
942 0.6176643934274384 0.02872562497182979 0 0
943 0.02875428754437792 0.3823074982948345 0 0
944 0.2903653944389331 0.4764061049736724 0 0
945 0.1967790922780213 0.4530065630727652 0 0
946 0.7621133979658941 0.5224898376887321 0 0
947 0.2923314069939296 0.9264341235379563 0 0
948 0.07356616182543591 0.291086406222713 0 0
949 0.7104668427704208 0.07245779298992139 0 0
950 0.9278029582449379 0.7104346513637381 0 0
951 0.4490031300796187 0.2981773224865811 0 0
952 0.4590793338446179 0.3492268246977308 0 0
953 0.7889782360660764 0.3505836507325709 0 0
954 0.805945112420528 0.5096467723167434 0 0
955 0.7719323208115141 0.2740114398812177 0 0
956 0.6254034751519211 0.3501741418422101 0 0
957 0.9272443712667806 0.3116547790078193 0 0
958 0.6914286568574067 0.9271812602245175 0 0
959 0.8906308654082286 0.8278508473131978 0 0
960 0.8278512108396088 0.1093688378292155 0 0
961 0.1714145516762419 0.8908595783500785 0 0
962 0.431741642473494 0.4864805441081583 0 0
963 0.3326441262239309 0.2422151259755042 0 0
964 0.3361375357607325 0.9763940722844205 0 0
965 0.02370030783446597 0.3360449808238329 0 0
966 0.9764036513438588 0.6632162098779205 0 0
967 0.6632162098779205 0.02359634865614119 0 0
968 0.4434677589764599 0.8718225401466596 0 0
969 0.5722625876346574 0.7507117763339575 0 0
970 0.8799411016446135 0.8827768204352453 0 0
971 0.8834519673758737 0.1195432233692936 0 0
972 0.1201453721910246 0.8836801036772763 0 0
973 0.1172629946774736 0.1209983082151713 0 0
974 0.575603263955075 0.4592789522387993 0 0
975 0.271309983607185 0.5761786220322263 0 0
976 0.6166960542565264 0.8314009938026366 0 0
977 0.3221296663782303 0.7069038846239489 0 0
978 0.4820318668398247 0.7263422427124116 0 0
979 0.4564367522112581 0.8200090750574776 0 0
980 0.6101477981955684 0.5079078331704773 0 0
981 0.879935530167995 0.561549812527821 0 0
982 0.8438781092493292 0.575979723464385 0 0
983 0.4062963296949316 0.801702195555575 0 0
984 0.3960370662485208 0.7708661929545042 0 0
985 0.5847749678184949 0.9019543164124044 0 0
986 0.08904270243529433 0.606862345799473 0 0
987 0.3927921287330435 0.08933871317426512 0 0
988 0.7915431356252569 0.6451615531832902 0 0
989 0.2171090547892867 0.635893930625353 0 0
990 0.3038962891934196 0.4134186611101978 0 0
991 0.1790043998462526 0.5850188616569202 0 0
992 0.7134210356716082 0.9755274354377314 0 0
993 0.9718269213044697 0.2848911636791637 0 0
994 0.2882951340119361 0.0315308776751117 0 0
995 0.02886616303312078 0.7092787973928066 0 0
996 0.3677099911584915 0.1303517819205477 0 0
997 0.1273272651504115 0.6345075510094709 0 0
998 0.9420364986947114 0.1705153409514166 0 0
999 0.05897240623180966 0.8282863107803847 0 0
1000 0.05880618811879218 0.1702550130877227 0 0
1001 0.1235206737900979 0.7166347208591453 0 0
1002 0.8847112640061039 0.4194022081251795 0 0
1003 0.8175202216309456 0.3542731282143881 0 0
1004 0.1104938484527717 0.1650461529812762 0 0
1005 0.55484541373176 0.2136823523237307 0 0
1006 0.1957816584028063 0.5131649389735372 0 0
1007 0.5708260165804062 0.401663452757133 0 0
1008 0.5960372335482898 0.2078697194309678 0 0
1009 0.508877664342135 0.1035262194275081 0 0
1010 0.1026079300791369 0.4916724079170684 0 0
1011 0.4914881074279662 0.8961063620565226 0 0
1012 0.5082426896653333 0.247275560611189 0 0
1013 0.08819575070962171 0.1261805503180828 0 0
1014 0.2228894971406821 0.3117327566620191 0 0
1015 0.3824962072264111 0.4836356138565741 0 0
1016 0.5563108556276919 0.432224972548911 0 0
1017 0.8047909446318335 0.5911929865799708 0 0
1018 0.1663614573363214 0.6133148010255548 0 0
1019 0.6102088924247413 0.4313774616387657 0 0
1020 0.5524860608189606 0.7978991017651029 0 0
1021 0.5255702926897297 0.5140840491672465 0 0
1022 0.7028729927967822 0.6758802949709308 0 0
1023 0.651294192563421 0.5927959271869385 0 0
1024 0.6086440028335758 0.6241017353067895 0 0
1025 0.8063058842246367 0.4049600831355045 0 0
1026 0.2356614907891593 0.2678741654356086 0 0
1027 0.769131315328054 0.4452261615224339 0 0
1028 0.6162180047740261 0.6672207451519991 0 0
1029 0.370780819388046 0.7315488282630915 0 0
1030 0.7769989036188538 0.6963101686664546 0 0
1031 0.451820937638227 0.5310539336280403 0 0
1032 0.1411182624241922 0.5265955253394341 0 0
1033 0.4767524107791816 0.136569840919634 0 0
1034 0.5219048165587069 0.8638378364686582 0 0
1035 0.5455993698188474 0.5292150332488006 0 0
1036 0.3392150745236076 0.4630225085233664 0 0
1037 0.5024504482763987 0.4410699147264736 0 0
1038 0.6952668828519953 0.223592706629199 0 0
1039 0.2854577760191316 0.2619741934371315 0 0
1040 0.2923923113548972 0.1774229053237914 0 0
1041 0.554231310840918 0.08812996366717341 0 0
1042 0.2855511488830432 0.6074435502457208 0 0
1043 0.844159317158133 0.4330861993210385 0 0
1044 0.2518814176020758 0.6672600967327731 0 0
1045 0.4503904203756604 0.4327774435916379 0 0
1046 0.545639076962316 0.9752055967384699 0 0
1047 0.9791620074038649 0.4527121966705932 0 0
1048 0.4543715683347637 0.02476444566780955 0 0
1049 0.02326883048535844 0.5466662752146526 0 0
1050 0.8988551278170899 0.3489696643927329 0 0
1051 0.6953686337758835 0.6214298190857757 0 0
1052 0.6836179009942662 0.1764025547873304 0 0
1053 0.1520055244410304 0.5701213907878004 0 0
1054 0.4309843765438376 0.1540899980272699 0 0
1055 0.5717011391374604 0.8498826920687955 0 0
1056 0.384532892868091 0.9379962962643462 0 0
1057 0.05421486943364789 0.3850421052638356 0 0
1058 0.9380681366521626 0.61560168442442 0 0
1059 0.6153545369734218 0.06275368507350443 0 0
1060 0.1694617020478272 0.4345237269129724 0 0
1061 0.5595836653514273 0.6027137648339163 0 0
1062 0.7513336613449492 0.6754532344099309 0 0
1063 0.5463878236335508 0.5564310585137019 0 0
1064 0.6884275827620467 0.4718047666081517 0 0
1065 0.1945975605880893 0.8479120629504779 0 0
1066 0.8479475051225079 0.8045950713675281 0 0
1067 0.805310800176351 0.1522045281849166 0 0
1068 0.9394042334111946 0.464934735636734 0 0
1069 0.7138961378107266 0.1819323116564616 0 0
1070 0.4496209245563023 0.2021302557035113 0 0
1071 0.210078254583476 0.3990977462662908 0 0
1072 0.5377278112845899 0.8901644520440879 0 0
1073 0.1107379779741036 0.5400514650829742 0 0
1074 0.4605709733582165 0.1106993634921099 0 0
1075 0.8101644210254578 0.8472403925209437 0 0
1076 0.8471432281630265 0.1896340962489034 0 0
1077 0.2104879447955695 0.1457432208509605 0 0
1078 0.1439736145034188 0.7903829435052081 0 0
1079 0.5267297058580135 0.7218997841568454 0 0
1080 0.6357517254998987 0.1793852926329406 0 0
1081 0.2823367914589575 0.09167465992388235 0 0
1082 0.09273677066778446 0.7187328417503012 0 0
1083 0.2508837120621322 0.8273146593725422 0 0
1084 0.1531512800096947 0.1925636524111735 0 0
1085 0.1782839577514705 0.2859860439649831 0 0
1086 0.4814937051202163 0.4831318598292571 0 0
1087 0.1775586023758162 0.3550686967927541 0 0
1088 0.1248350603698977 0.6831106237452749 0 0
1089 0.3140472693205977 0.1279783334195394 0 0
1090 0.8763699827967917 0.3096515276671223 0 0
1091 0.6706780215666193 0.09403651181346334 0 0
1092 0.9059634881865366 0.6706780215666193 0 0
1093 0.3329320674444218 0.906575503156565 0 0
1094 0.0821118913531349 0.2394463936433273 0 0
1095 0.2324931117273507 0.5414503319782535 0 0
1096 0.5294539510316069 0.4811660591802234 0 0
1097 0.8873875567594161 0.4608501085385748 0 0
1098 0.25501825604238 0.1420904776579937 0 0
1099 0.856448722175102 0.2536447496657632 0 0
1100 0.3800112522994774 0.6500205569776649 0 0
1101 0.169185945687009 0.7167162652513434 0 0
1102 0.02105253521350514 0.2849439439543207 0 0
1103 0.2850094732057894 0.9789897801642409 0 0
1104 0.7124352813337753 0.02558908470528198 0 0
1105 0.9743165101392378 0.7125864286673429 0 0
1106 0.6476248318602857 0.1308668573015339 0 0
1107 0.8682456449936189 0.6467317985781758 0 0
1108 0.3538497542934342 0.8681642786396735 0 0
1109 0.7261674142746407 0.5475983624945684 0 0
1110 0.6632258937213604 0.9766544899910847 0 0
1111 0.02254651009153902 0.6621439585468176 0 0
1112 0.3378560414531827 0.02254651009153919 0 0
1113 0.978761201658356 0.3393471342282171 0 0
1114 0.7566401177490036 0.5783192448489978 0 0
1115 0.3789138851851859 0.5385764342901895 0 0
1116 0.8458279908835569 0.9160846790850704 0 0
1117 0.3330890877478643 0.9494112283257684 0 0
1118 0.6642066170463858 0.04991715394219132 0 0
1119 0.9500828460578087 0.6642066170463858 0 0
1120 0.05064594587578281 0.3288891247186746 0 0
1121 0.5204329210112033 0.1669124706329186 0 0
1122 0.4135835612909895 0.3777164836216717 0 0
1123 0.5323169016778213 0.5981162017771429 0 0
1124 0.2585057530044774 0.3882433749682714 0 0
1125 0.7493321147135978 0.1448976459964181 0 0
1126 0.8563762909449867 0.7492422160156422 0 0
1127 0.2253763693186804 0.1902230081103844 0 0
1128 0.8099895489263702 0.2251812920811555 0 0
1129 0.6500327815317494 0.8987516642008674 0 0
1130 0.278510187966092 0.7355923612366669 0 0
1131 0.7973731059004626 0.433421445374006 0 0
1132 0.8028500532401011 0.897127963729662 0 0
1133 0.1006724372985343 0.8027367223930204 0 0
1134 0.9029027620361111 0.2011023868750221 0 0
1135 0.3105726168882849 0.4558073344932867 0 0
1136 0.8744914157630976 0.358065796835997 0 0
1137 0.02391199465772076 0.4577889526403952 0 0
1138 0.4552133422577996 0.9765979246512786 0 0
1139 0.9766364807713212 0.5437129870156107 0 0
1140 0.5453104207742338 0.02335540891180293 0 0
1141 0.6731768287590509 0.7673968769416261 0 0
1142 0.2014247908524957 0.09759162318238979 0 0
1143 0.3062169597668744 0.7766907878554814 0 0
1144 0.6533468569116793 0.6138928068242345 0 0
1145 0.2984130540154398 0.6828635145585554 0 0
1146 0.5012700252422874 0.02723356785864017 0 0
1147 0.9751743723232085 0.5007885623518651 0 0
1148 0.02361049980176205 0.4999026464772068 0 0
1149 0.4987306584317909 0.9727705362723116 0 0
1150 0.6842212716067542 0.8723406157687961 0 0
1151 0.9033406846450836 0.798697908321506 0 0
1152 0.8021779504151954 0.09995498463003444 0 0
1153 0.1976845695964257 0.8999900345781571 0 0
1154 0.5425332387643669 0.6494834939535228 0 0
1155 0.5903252191336299 0.8256876483442546 0 0
1156 0.4892703217104892 0.3227202942738877 0 0
1157 0.8136476002501085 0.7218097585399113 0 0
1158 0.682209439740034 0.6993409057765406 0 0
1159 0.5221818573552912 0.2796749703384424 0 0
1160 0.1047283467095471 0.1949133137843399 0 0
1161 0.9270478438243435 0.4457625745336343 0 0
1162 0.5482681845691022 0.1828802248935761 0 0
1163 0.9089629637171538 0.5468895638705364 0 0
1164 0.4779988113342318 0.5139193455009835 0 0
1165 0.09386396929952096 0.3300979659465598 0 0
1166 0.1289601650292662 0.4963997471624361 0 0
1167 0.5525643451728063 0.3813726366036766 0 0
1168 0.1215960893983088 0.9125906128345078 0 0
1169 0.5257288267182589 0.5720374226803395 0 0
1170 0.6960763836140361 0.269648692361264 0 0
1171 0.4730264191971218 0.2115196015949233 0 0
1172 0.1304965207327075 0.2106308771167929 0 0
1173 0.1435293772194853 0.2516115505869742 0 0
1174 0.5119852567438108 0.9111422712694242 0 0
1175 0.0881302360985109 0.5126152448659327 0 0
1176 0.4879033591826354 0.0889143877887838 0 0
1177 0.7904339842317995 0.3003966127523685 0 0
1178 0.3101060333107871 0.8224550094426105 0 0
1179 0.8229111239311266 0.6872095944588148 0 0
1180 0.1216223961000057 0.4080447295883622 0 0
1181 0.7229465084651334 0.2627404193753344 0 0
1182 0.7882538098129124 0.8563289011178514 0 0
1183 0.8555376315078608 0.2141749589721901 0 0
1184 0.4048579591750138 0.6889381494612737 0 0
1185 0.0588123080689798 0.08121037876986331 0 0
1186 0.9409168972492501 0.9185409861671067 0 0
1187 0.9187624470883964 0.05879635782653109 0 0
1188 0.08122303690641336 0.9412347996915104 0 0
1189 0.9432003262156569 0.1142808057610312 0 0
1190 0.8884167438350512 0.9365275691508743 0 0
1191 0.05679857921010822 0.8857620949712259 0 0
1192 0.1510916142480787 0.8147937057346892 0 0
1193 0.6422539721257727 0.3970321347753538 0 0
1194 0.4501389082342808 0.9182718621379631 0 0
1195 0.4213143136037262 0.7532298159440994 0 0
1196 0.4460686614069526 0.6158058519768134 0 0
1197 0.2267100374071619 0.3650631366321307 0 0
1198 0.7594765710902456 0.08058918011988059 0 0
1199 0.9089747966661932 0.7551829438526293 0 0
1200 0.2405204825311849 0.919401035185487 0 0
1201 0.0516408804885336 0.6645621041878825 0 0
1202 0.3354378958121179 0.05164088048853366 0 0
1203 0.664511565204122 0.9465809366322306 0 0
1204 0.9450449905029329 0.3388779734576556 0 0
1205 0.7411245564569816 0.7240320494013982 0 0
1206 0.7438581662089081 0.4851768620677025 0 0
1207 0.69044510811011 0.3865922854313553 0 0
1208 0.6039266224801388 0.3650633894891053 0 0
1209 0.2227267344829566 0.4346400513302433 0 0
1210 0.7486823079923328 0.3237611145179169 0 0
1211 0.3491948574533684 0.7968554163725246 0 0
1212 0.2633236914457539 0.4327924248084423 0 0
1213 0.3030276697062976 0.7269351133414828 0 0
1214 0.3142203059496382 0.4984279188712049 0 0
1215 0.7626257083491618 0.4000165939112957 0 0
1216 0.7760815778582308 0.5561522133506155 0 0
1217 0.4510256860191054 0.7706654946995419 0 0
1218 0.6266591096639419 0.5845865761435944 0 0
1219 0.3367701755695252 0.4890283154352705 0 0
1220 0.3188819712072999 0.2986606760435325 0 0
1221 0.646822450163835 0.371500073405478 0 0
1222 0.9131060867076701 0.8453615024312794 0 0
1223 0.8452436900250615 0.08688770640394655 0 0
1224 0.0802422582002168 0.7600026107428843 0 0
1225 0.2446901185521175 0.09161131939077033 0 0
1226 0.7594009533214225 0.9200162715693456 0 0
1227 0.9087040225619067 0.2436013701047237 0 0
1228 0.6611425610417842 0.8223153019591412 0 0
1229 0.07289632175158334 0.3683862693544502 0 0
1230 0.3103017608959251 0.8673101747777492 0 0
1231 0.5318731819660413 0.1408216738431726 0 0
1232 0.4124254976852108 0.1804205548491488 0 0
1233 0.211530941121067 0.4767358419106814 0 0
1234 0.1397466798452922 0.6625438481136674 0 0
1235 0.7158354345920739 0.9187941886288573 0 0
1236 0.9179442806671048 0.2840219423600056 0 0
1237 0.7660755342037156 0.6509455992875314 0 0
1238 0.3396356380290161 0.1944012422865581 0 0
1239 0.0591986506808781 0.6352354734915053 0 0
1240 0.3647639502800286 0.05916265543619237 0 0
1241 0.6318383979621254 0.9393056655909751 0 0
1242 0.9005323946642085 0.3240052790292488 0 0
1243 0.1006377861962491 0.6745355352416418 0 0
1244 0.676105429553292 0.9001378493868626 0 0
1245 0.325407834159401 0.1006629376506512 0 0
1246 0.8650614057966792 0.4678786257263098 0 0
1247 0.3894784916760911 0.3935866023237638 0 0
1248 0.175535495944609 0.308151150610307 0 0
1249 0.2977095022434778 0.5640938455267439 0 0
1250 0.2448480239493575 0.5858268762752095 0 0
1251 0.4375519221986342 0.7977348741068399 0 0
1252 0.6429384253986986 0.4392618315470902 0 0
1253 0.409347911562386 0.4755338597860417 0 0
1254 0.4806120543828798 0.2623854613225294 0 0
1255 0.4315946244523443 0.418840920104372 0 0
1256 0.09796640431343079 0.3764946054252246 0 0
1257 0.6177339138726848 0.8590810277018918 0 0
1258 0.3642261632957264 0.3020833571268634 0 0
1259 0.7239867209078097 0.4110069218717817 0 0
1260 0.7867666200098845 0.1363039167671625 0 0
1261 0.8650529306101045 0.787605784283989 0 0
1262 0.2130691138703302 0.8637768865436659 0 0
1263 0.01985445948192688 0.1029862856039706 0 0
1264 0.1029866279441585 0.9800808375272376 0 0
1265 0.8969680420127939 0.01993568995461803 0 0
1266 0.980064310045382 0.8969680420127939 0 0
1267 0.981808151345662 0.1029411764705882 0 0
1268 0.1029411764705882 0.01819184865433804 0 0
1269 0.01819184865433798 0.8970588235294118 0 0
1270 0.8970588235294118 0.9818081513456617 0 0
1271 0.7155314158152688 0.2088373357032418 0 0
1272 0.2436487221877157 0.4492604916325387 0 0
1273 0.5938510117512516 0.5540235478309015 0 0
1274 0.7678766038294823 0.6005214625745573 0 0
1275 0.6113158644419726 0.9167244002659307 0 0
1276 0.3670065656991142 0.3709375942822109 0 0
1277 0.7434125384669179 0.05277698714658502 0 0
1278 0.9473025313441013 0.7431773574949872 0 0
1279 0.05277698714658546 0.2565874615330815 0 0
1280 0.2565874615330812 0.9472230128534148 0 0
1281 0.2179193101171261 0.2817073426473112 0 0
1282 0.4526779304170339 0.2532583811288877 0 0
1283 0.4350677557747411 0.3912996119422564 0 0
1284 0.3144992490664842 0.5239963954603885 0 0
1285 0.2433696735578502 0.6226590176823463 0 0
1286 0.5079491397696031 0.7106179676134685 0 0
1287 0.728291365546653 0.7000105674690407 0 0
1288 0.1130837383153736 0.05620075703898947 0 0
1289 0.6747871257101585 0.2039192336544941 0 0
1290 0.4109584535518522 0.712053534742815 0 0
1291 0.3354961973464566 0.539269030732807 0 0
1292 0.8172057420879526 0.4492598933339764 0 0
1293 0.1651940835043973 0.481103832173809 0 0
1294 0.2757285359047345 0.5289142441274068 0 0
1295 0.8649384690212278 0.1372595469987865 0 0
1296 0.1343471066578909 0.8622036531041417 0 0
1297 0.8625624660356093 0.8647117479190165 0 0
1298 0.1007516346869632 0.5847335333052818 0 0
1299 0.414547798798277 0.1003358453328002 0 0
1300 0.2537157487412167 0.3405999275556034 0 0
1301 0.4523054904008877 0.6924317228632475 0 0
1302 0.332824022624036 0.7560296953146994 0 0
1303 0.7910192764924098 0.7175197734850513 0 0
1304 0.01827231883749858 0.190869463947813 0 0
1305 0.1910333043469655 0.9806930291404651 0 0
1306 0.9800859500965721 0.808787106994032 0 0
1307 0.8086758551135036 0.9812523058141722 0 0
1308 0.1912535980747369 0.01916974400935412 0 0
1309 0.9822431448834442 0.1911764705882357 0 0
1310 0.8089393161557956 0.01994462727231938 0 0
1311 0.01775685511655573 0.8088235294117643 0 0
1312 0.3489178834379111 0.09686871115592871 0 0
1313 0.09686871115592854 0.6510821165620888 0 0
1314 0.5290763142819049 0.3877273761485508 0 0
1315 0.3404440664883385 0.6309115504625699 0 0
1316 0.5236366116426005 0.7906621671917289 0 0
1317 0.6205279233499587 0.6448028983910801 0 0
1318 0.3441201953161168 0.6859590627078985 0 0
1319 0.5866629991465465 0.6997595939552816 0 0
1320 0.51211145849391 0.7617413044559021 0 0
1321 0.7055283561301728 0.3128561703211497 0 0
1322 0.3132308546248468 0.3382885157158833 0 0
1323 0.5539977477311481 0.2395954605462637 0 0
1324 0.5939829534669893 0.3207265870402667 0 0
1325 0.1569187183443488 0.5482312628965453 0 0
1326 0.7239055894505906 0.6549260129436332 0 0
1327 0.4819791943025293 0.8386268992962593 0 0
1328 0.403171588381179 0.2963822273872465 0 0
1329 0.2399459042054654 0.504040694624625 0 0
1330 0.3573972851159333 0.5262568416483753 0 0
1331 0.6460592276185012 0.2045160097634926 0 0
1332 0.3238933860589431 0.5956493602676984 0 0
1333 0.2485920102622207 0.3184510264802426 0 0
1334 0.09952933848054846 0.4019283492843085 0 0
1335 0.6717636164531864 0.4474726092763007 0 0
1336 0.7919994564405253 0.4829018989837219 0 0
1337 0.3388950430062367 0.3764233167854511 0 0
1338 0.637967822719047 0.9797170304922237 0 0
1339 0.9808552575226235 0.362483797311321 0 0
1340 0.3620781652243642 0.02017664780706269 0 0
1341 0.02019868571197203 0.6379214819826971 0 0
1342 0.5782121910749718 0.2550827206032063 0 0
1343 0.531257239399608 0.7466418695169212 0 0
1344 0.4687498095749501 0.05429363499815487 0 0
1345 0.05551315483752867 0.5274448789927686 0 0
1346 0.5312501904250502 0.9457063650018452 0 0
1347 0.7982677604268879 0.6757522427841645 0 0
1348 0.3224199521247453 0.7994376901652046 0 0
1349 0.3313923791808119 0.410747141458031 0 0
1350 0.4599037496552368 0.4516329772990614 0 0
1351 0.5378051919321961 0.6746951476346352 0 0
1352 0.882983416318758 0.3979615067426462 0 0
1353 0.6114173850416426 0.5996922348188647 0 0
1354 0.6620603984121443 0.667174870510393 0 0
1355 0.2704243153891376 0.6509711796686774 0 0
1356 0.3778076154913016 0.7534239424453736 0 0
1357 0.5084298175148383 0.8180614233125569 0 0
1358 0.2579370339923467 0.5468800236799133 0 0
1359 0.6445053302237852 0.7333210649566402 0 0
1360 0.3593347553966182 0.5973038350901208 0 0
1361 0.479236737751912 0.3405065284587906 0 0
1362 0.8882703725339614 0.2849737218389964 0 0
1363 0.2286106289626667 0.4127546240747015 0 0
1364 0.6300628402318454 0.3052266900814509 0 0
1365 0.8856711823558512 0.717167222917442 0 0
1366 0.7168881333003091 0.1130905686553501 0 0
1367 0.1134625180574552 0.2832234664367294 0 0
1368 0.1962539327771455 0.5587174122350936 0 0
1369 0.2181783490378327 0.5565074921730273 0 0
1370 0.8604058380254018 0.3334202852206102 0 0
1371 0.0709144263432262 0.3432082130645003 0 0
1372 0.9411395441196644 0.5152306656569542 0 0
1373 0.5160982399735735 0.05711901256640883 0 0
1374 0.4839081615443663 0.9429202716684494 0 0
1375 0.05722987446548483 0.467415730835763 0 0
1376 0.3430158704945868 0.1392610783053153 0 0
1377 0.7149979731314327 0.5050996784532575 0 0
1378 0.5665703715996479 0.5175692331654928 0 0
1379 0.6810305137430265 0.2444361844346884 0 0
1380 0.3907824377969715 0.1344555653884192 0 0
1381 0.1354772835066075 0.611473519083135 0 0
1382 0.1694363443514043 0.3788234024101265 0 0
1383 0.3428497845146853 0.3100154368398809 0 0
1384 0.6705098213219713 0.5523384902355286 0 0
1385 0.6039215901319672 0.4543781059684156 0 0
1386 0.3859586123059585 0.2374681384979523 0 0
1387 0.5937396844367535 0.7408794179659464 0 0
1388 0.6214694289786538 0.5562528640986681 0 0
1389 0.7829800344134202 0.3937128585628524 0 0
1390 0.3584050272616934 0.5006803057714007 0 0
1391 0.9801185670274279 0.5976034953785973 0 0
1392 0.019881432972572 0.4023965046214027 0 0
1393 0.5976034953785973 0.01988143297257211 0 0
1394 0.4023965046214029 0.9801185670274279 0 0
1395 0.6955967426585769 0.5815023399156083 0 0
1396 0.1164573895744465 0.4408654806771862 0 0
1397 0.6590830386212668 0.8619027954050706 0 0
1398 0.4111868159499644 0.6506955910052555 0 0
1399 0.3813206431438714 0.8174661122115511 0 0
1400 0.6582921710236322 0.2475802895457611 0 0
1401 0.6743973033350792 0.406384511129019 0 0
1402 0.3760646794649268 0.4379801317614148 0 0
1403 0.3688931205617964 0.4613636295291648 0 0
1404 0.4264193195918391 0.02154361025882645 0 0
1405 0.9797489637937212 0.4285217291953642 0 0
1406 0.02109143160386673 0.5712069326479473 0 0
1407 0.5715367812829204 0.9783231894495647 0 0
1408 0.2085972397512881 0.326549755076882 0 0
1409 0.3406905474169509 0.3364539082147653 0 0
1410 0.3744404603125646 0.9074558543533569 0 0
1411 0.6257943005035722 0.09297130646225049 0 0
1412 0.9075564558907575 0.6256694270681155 0 0
1413 0.05529388307842964 0.6908659160309131 0 0
1414 0.3091340839690874 0.05529388307843008 0 0
1415 0.7854565849684155 0.8820748803426687 0 0
1416 0.1179251196573318 0.7854565849684154 0 0
1417 0.2131905383053629 0.119280901675928 0 0
1418 0.8815633820511851 0.2137156041401094 0 0
1419 0.788786175388198 0.7682283003774428 0 0
1420 0.7689296491793042 0.2105663428308015 0 0
1421 0.2317562668693661 0.7888124380925321 0 0
1422 0.2108926807347702 0.2314620660320393 0 0
1423 0.9411593914864929 0.8178239304002418 0 0
1424 0.8168160771019302 0.0603179731570751 0 0
1425 0.1814902686446651 0.05779178661594481 0 0
1426 0.8167894017333868 0.9397288202908615 0 0
1427 0.1831533010218404 0.9396624050556852 0 0
1428 0.7038429335374726 0.338717889732288 0 0
1429 0.5706866145865327 0.339086952469586 0 0
1430 0.2817964642383603 0.9036057165248499 0 0
1431 0.09405626345766716 0.2803043901397674 0 0
1432 0.7202452080118871 0.09363869896157534 0 0
1433 0.9061805093406941 0.7256097996363986 0 0
1434 0.7297347007482423 0.3054540568122244 0 0
1435 0.3446297246698395 0.1743503432199325 0 0
1436 0.1877976894584369 0.1552649883742441 0 0
1437 0.02097684233260583 0.7587579961603794 0 0
1438 0.758757996160379 0.9790231576673942 0 0
1439 0.9790231576673945 0.2412420038396207 0 0
1440 0.2412420038396207 0.02097684233260555 0 0
1441 0.6906181352336194 0.983616483124612 0 0
1442 0.9839104253217825 0.3088235294117652 0 0
1443 0.3088235294117652 0.01608957467821742 0 0
1444 0.01656600843521661 0.6896672461001019 0 0
1445 0.5934432386513547 0.186279860215629 0 0
1446 0.665711165411801 0.3197271276959325 0 0
1447 0.3627026777382126 0.9806486999002519 0 0
1448 0.6371151708995402 0.01944594679570438 0 0
1449 0.9806506157121395 0.6371680713895179 0 0
1450 0.01960460331232006 0.3626018686736056 0 0
1451 0.2959148945048792 0.5377352416206499 0 0
1452 0.01858208077688978 0.5994936571966981 0 0
1453 0.5987094339846701 0.9812960714852511 0 0
1454 0.4011169898717211 0.01863144852468102 0 0
1455 0.9816008512454909 0.4012945018040295 0 0
1456 0.6637314727637875 0.6884963288204103 0 0
1457 0.3520508491688709 0.8953496650988277 0 0
1458 0.8953487851427628 0.6490291303672853 0 0
1459 0.6490985370979481 0.1047431713944768 0 0
1460 0.9441954752985218 0.3700374732665452 0 0
1461 0.9810622380454119 0.01893776195458818 0 0
1462 0.01893776195458818 0.01893776195458813 0 0
1463 0.9810622380454118 0.9810622380454119 0 0
1464 0.01893776195458813 0.9810622380454117 0 0
1465 0.4761554159193485 0.7807203718266487 0 0
1466 0.2856407782779291 0.1142186866562636 0 0
1467 0.7417915272998719 0.7996849304569869 0 0
1468 0.2012753604813001 0.7420734158421454 0 0
1469 0.1271685236985936 0.1007373155231629 0 0
1470 0.6541078259714599 0.2732855985703706 0 0
1471 0.3758224097613875 0.2648946415370352 0 0
1472 0.6179124339579658 0.2522295457820546 0 0
1473 0.6678781068204329 0.7412492443876746 0 0
1474 0.6775438035392252 0.5139711589573338 0 0
1475 0.1242239315206133 0.1421619393461993 0 0
1476 0.4687361173306736 0.8652717866494972 0 0
1477 0.05936985434329473 0.7445513473658056 0 0
1478 0.2658440465648529 0.05431222838148947 0 0
1479 0.9454462301852301 0.2672199032214276 0 0
1480 0.7444888156192344 0.9432328325347141 0 0
1481 0.2211151804909331 0.5210728397459863 0 0
1482 0.7977456155856599 0.5638857647755498 0 0
1483 0.3358391779163142 0.2628967620058184 0 0
1484 0.3683816171027229 0.1060482128546985 0 0
1485 0.1060482128546984 0.6316183828972773 0 0
1486 0.2715653319519202 0.3020018913436759 0 0
1487 0.5946646322488497 0.8705641111192763 0 0
1488 0.7583870163256595 0.4993364468592986 0 0
1489 0.6574162326707829 0.167153016494404 0 0
1490 0.9217623693467054 0.3874095115205489 0 0
1491 0.2912962686269317 0.6328581050397234 0 0
1492 0.8673524151896981 0.5324643526309356 0 0
1493 0.4378218218255113 0.2738530622361479 0 0
1494 0.589432755079824 0.5303287699201464 0 0
1495 0.7025082085934762 0.05002977751226218 0 0
1496 0.9500034917036137 0.7025319997788532 0 0
1497 0.3074104752289003 0.944732360774708 0 0
1498 0.05574777172596779 0.3056156155519785 0 0
1499 0.6873817344057432 0.5376393528140931 0 0
1500 0.8874064401128472 0.5136007845108275 0 0
1501 0.731248717648363 0.3433313733633311 0 0
1502 0.3454135570649234 0.730535488663222 0 0
1503 0.551564805005652 0.754834741040191 0 0
1504 0.760334472050155 0.8916502211371735 0 0
1505 0.1095679832680766 0.7624193549951021 0 0
1506 0.6881837646622422 0.4313958247475045 0 0
1507 0.5213252707079845 0.4531782583596964 0 0
1508 0.9835249304965755 0.9562999231459853 0 0
1509 0.01647506950342448 0.04370007685401467 0 0
1510 0.04370007685401467 0.9835249304965754 0 0
1511 0.9562999231459853 0.01647506950342448 0 0
1512 0.9558823529411766 0.9846131668800471 0 0
1513 0.9846131668800471 0.04411764705882332 0 0
1514 0.04411764705882332 0.01538683311995298 0 0
1515 0.01538683311995287 0.9558823529411767 0 0
1516 0.3814181587693258 0.156930061152184 0 0
1517 0.05294472116959459 0.4227634020685797 0 0
1518 0.5220806819856382 0.4042621097099032 0 0
1519 0.04186084233327148 0.116232780505056 0 0
1520 0.9578804114613694 0.8842129825951891 0 0
1521 0.8842143313793567 0.0421186838564378 0 0
1522 0.1162327805050563 0.9581391576667292 0 0
1523 0.5600717835061312 0.9232314311274463 0 0
1524 0.4436115673743657 0.06969937049266017 0 0
1525 0.06947894280009892 0.5550226690677971 0 0
1526 0.7148346282056282 0.4612209950880855 0 0
1527 0.5585237699207408 0.1126651435441538 0 0
1528 0.6838207561715139 0.6596785404835109 0 0
1529 0.2807054939721937 0.7888385261157247 0 0
1530 0.5203139102833025 0.6393518795946376 0 0
1531 0.564945643784868 0.2970832944261154 0 0
1532 0.6770878082618841 0.340716109639022 0 0
1533 0.01508367089931234 0.3088235294117643 0 0
1534 0.690509902055172 0.01555294040592326 0 0
1535 0.9844421447067652 0.6905177710333877 0 0
1536 0.3088235294117643 0.9849163291006877 0 0
1537 0.4117460303759741 0.27619912155419 0 0
1538 0.4125992321780153 0.8481608462233918 0 0
1539 0.5486313426033836 0.7142960138415965 0 0
1540 0.6273356849137921 0.5283800345731602 0 0
1541 0.4543798584271011 0.6513915783886847 0 0
1542 0.837865236599293 0.407584128398856 0 0
1543 0.7373607352526047 0.5306928503881107 0 0
1544 0.1042096139889245 0.2390288037940841 0 0
1545 0.6372198596718933 0.629840290497876 0 0
1546 0.8166096793279918 0.6141464775522181 0 0
1547 0.9192814654104384 0.7775878077823043 0 0
1548 0.6028052496945455 0.7181332848926361 0 0
1549 0.2228129417268032 0.08044087561233387 0 0
1550 0.9221935297268152 0.2234123972960584 0 0
1551 0.2513385821663909 0.4102263088874376 0 0
1552 0.5744719009686393 0.05080892460574815 0 0
1553 0.505240889136264 0.2922322159054414 0 0
1554 0.2167349644112189 0.8845367449358932 0 0
1555 0.8836186241667955 0.7872404140756075 0 0
1556 0.7834252297381378 0.1151612844136753 0 0
1557 0.5820730961546501 0.4904742379217205 0 0
1558 0.7434963692248721 0.6232262473569954 0 0
1559 0.5124299291185532 0.685991610402845 0 0
1560 0.9508360763338851 0.5732386546808964 0 0
1561 0.4266791639633452 0.9516755995452302 0 0
1562 0.6285644128491614 0.8987551398174933 0 0
1563 0.7450627698209033 0.8710896186671394 0 0
1564 0.1291540655316689 0.7474363804134823 0 0
1565 0.7617012948255557 0.1056367852874889 0 0
1566 0.2364800400518413 0.89421275846131 0 0
1567 0.06153599152025252 0.4044751301032806 0 0
1568 0.5798411920641076 0.216374948766688 0 0